97204	2612851405
97205	2003293036
97206	4237596447
97207	2060663885
97208	4101612352
97209	135984095
97210	482938295
97211	1577725590
97212	3792471777
97213	309140575
97214	2380879449
97215	2050071942
97216	2436778085
97217	2341127506
97218	3642827391
97219	2229865495
97220	1639993354
97221	2152478423
97222	1123003058
97223	3481104813
97224	2288551590
97225	92327859
97226	3653910591
97227	2691128647
97228	3707772338
97229	3023973043
97230	488314442
97231	1852813064
97232	1392269467
97233	2250557924
97234	3137017492
97235	3387815299
97236	1912493920
97237	4022466730
97238	4081409244
97239	2366036475
97240	1875518350
97241	3542452004
97242	2688238766
97243	792866047
97244	3981709914
97245	2601808972
97246	1310507823
97247	3076787332
97248	455735702
97249	3198174889
97250	3935845367
97251	3050250576
97252	1796325001
97253	1911447337
97254	1377687969
97255	1646285074
97256	247804949
97257	240509493
97258	3866668541
97259	2281111819
97260	849277294
97261	542992173
97262	906845185
97263	1343712739
97264	568168253
97265	2568849239
97266	763324287
97267	2624491012
97268	4237232211
97269	1970229005
97270	2481332148
97271	1541134582
97272	1773772277
97273	2307636967
97274	766827154
97275	1599209321
97276	160488694
97277	1715029656
97278	360517557
97279	3181934447
97280	2224324656
97281	463914110
97282	1885903679
97283	3201929664
97284	689821467
97285	3291888447
97286	3556946791
97287	3339829477
97288	571635574
97289	738872249
97290	1691814558
97291	1384972774
97292	220804423
97293	234931279
97294	196643774
97295	3001531115
97296	2819493589
97297	1116351778
97298	3388008925
97299	3957208947
97300	3606253958
97301	2485038339
97302	65244339
97303	1846202998
97304	3886631845
97305	1786023420
97306	2122718749
97307	3818533621
97308	1815855229
97309	2726917016
97310	3068421576
97311	1467055213
97312	2712771540
97313	1153897001
97314	3912168297
97315	2663910818
97316	2396936709
97317	2747307881
97318	2706788700
97319	2131170769
97320	983448091
97321	4218364390
97322	3255475631
97323	2383204404
97324	120470192
97325	447698061
97326	2469937386
97327	98911853
97328	398556875
97329	364767412
97330	4209056126
97331	2710402182
97332	4094396751
97333	142835460
97334	2713503122
97335	3551693179
97336	2711516517
97337	4064782927
97338	2909529501
97339	2926572377
97340	1407770309
97341	366001968
97342	398695079
97343	1908941888
97344	1440687418
97345	3621107032
97346	3511526259
97347	2382650358
97348	1997938464
97349	2457517526
97350	3589962911
97351	2420034041
97352	3483728591
97353	1171756262
97354	3861271898
97355	3615629845
97356	2695068339
97357	3824223613
97358	1065698556
97359	3693182850
97360	784416754
97361	1101486925
97362	3376336121
97363	4120560839
97364	2020281909
97365	2964506854
97366	1292056002
97367	1999832445
97368	726828349
97369	2830118442
97370	2460829999
97371	878999478
97372	2973749532
97373	1892853338
97374	3582764703
97375	1451074842
97376	477016083
97377	1214798475
97378	2170606264
97379	3509333806
97380	2143144356
97381	2372627363
97382	2508014297
97383	2021884278
97384	808898624
97385	3682712446
97386	2419478917
97387	582052198
97388	2730134313
97389	89359276
97390	2421744950
97391	2989574124
97392	2295220849
97393	1092788076
97394	3960891420
97395	4291284823
97396	2699365877
97397	906888081
97398	2712140767
97399	4067864868
97400	798542647
97401	3561668988
97402	3216948718
97403	2924221576
97404	3320691013
97405	565940832
97406	1866472280
97407	4214518436
97408	166893728
97409	1955825021
97410	3655969544
97411	162564077
97412	3808471094
97413	2302351431
97414	3009476419
97415	4012407893
97416	3262977520
97417	4100411352
97418	867129187
97419	599926026
97420	4118640426
97421	2889098410
97422	1596281788
97423	3852582509
97424	3127180142
97425	784988155
97426	3094522453
97427	3864355661
97428	503097990
97429	1893838719
97430	451639771
97431	2295668110
97432	2679522908
97433	27265792
97434	548963533
97435	1582207236
97436	3512257299
97437	1766158088
97438	1821149180
97439	2397215210
97440	3082712240
97441	172763391
97442	677534961
97443	1705669443
97444	3651380841
97445	764056647
97446	1928767055
97447	2813898302
97448	4090166523
97449	2674738159
97450	486417806
97451	3907461343
97452	2932932430
97453	1760591741
97454	2155589149
97455	2504145559
97456	4133660627
97457	75395499
97458	3492112997
97459	3513256481
97460	1528543340
97461	2565853411
97462	3547683379
97463	890119377
97464	2678199637
97465	35303485
97466	3277911735
97467	273781444
97468	2412634070
97469	298882447
97470	941232291
97471	3123550636
97472	3771321870
97473	3433174927
97474	1182369693
97475	1744202684
97476	1105425430
97477	302344879
97478	288431392
97479	77570576
97480	2466652845
97481	2227009530
97482	2393970225
97483	3809938959
97484	1166055020
97485	274632398
97486	3309706298
97487	311400734
97488	2070164797
97489	1441361462
97490	3380895578
97491	3296722076
97492	2558094741
97493	3734811019
97494	4031914050
97495	2720570772
97496	145935871
97497	3444027040
97498	2875927459
97499	3839073878
97500	1324140840
97501	2159587751
97502	1937302117
97503	3529421441
97504	1209048054
97505	2652223844
97506	2719097141
97507	896532704
97508	972378651
97509	1722689688
97510	304135632
97511	3520087981
97512	1587831333
97513	3772834519
97514	744523421
97515	2948659429
97516	1934678754
97517	3144705296
97518	3358530315
97519	2037923906
97520	2571686192
97521	804649929
97522	1282603250
97523	2837957589
97524	828764611
97525	1191517298
97526	3836721837
97527	3422752313
97528	1488735763
97529	4098287535
97530	2775166439
97531	3519633302
97532	2375703698
97533	2646091947
97534	2972379280
97535	4152706458
97536	1513767577
97537	947062422
97538	789563852
97539	89435626
97540	670723129
97541	2303026403
97542	1273060173
97543	619793165
97544	1188640650
97545	2394124053
97546	2184304439
97547	3561737699
97548	2994647632
97549	1777335747
97550	519320344
97551	695478131
97552	3268078830
97553	3197494730
97554	456248060
97555	3053085746
97556	3900577779
97557	2537533873
97558	696188386
97559	1676438977
97560	2531756820
97561	4271224773
97562	946223636
97563	1075660642
97564	2814600688
97565	2289265232
97566	196585130
97567	3486127316
97568	1632619730
97569	786859187
97570	1288994385
97571	3588025109
97572	1618320804
97573	1111813509
97574	3525678830
97575	858647742
97576	497342774
97577	1924402176
97578	495746741
97579	2493827383
97580	2932312170
97581	3657875975
97582	3698284319
97583	1689471053
97584	3980725845
97585	4275132871
97586	1764498813
97587	2526786010
97588	1989866433
97589	709499444
97590	2925363569
97591	2276491808
97592	1369671875
97593	1342468892
97594	4068075543
97595	4294756621
97596	345141858
97597	453400789
97598	1131779388
97599	2429889600
97600	416484412
97601	2800464306
97602	2561767837
97603	362453739
97604	3898320885
97605	3717337424
97606	1202597490
97607	3658310638
97608	2737623945
97609	3423815631
97610	3452054825
97611	762463611
97612	3877663444
97613	584197580
97614	809981027
97615	1145843994
97616	3823746606
97617	4127190234
97618	1533458756
97619	2924072617
97620	918764034
97621	2889707060
97622	932011783
97623	1370339648
97624	3502039831
97625	3802403884
97626	2568129622
97627	1444278271
97628	3108085998
97629	154891522
97630	659832477
97631	3440578875
97632	1199374998
97633	3962721485
97634	1017652418
97635	3877240904
97636	4187576041
97637	4226031681
97638	4143299409
97639	3040766297
97640	636749101
97641	959532687
97642	4117425364
97643	4030124441
97644	2367829882
97645	759350260
97646	590458630
97647	194529525
97648	863803771
97649	2230718682
