87547	2628226937
87548	2003293036
87549	4237596447
87550	2060663885
87551	4101612352
87552	135984095
87553	482938295
87554	1577725590
87555	3792471777
87556	309140575
87557	2380879449
87558	2050071942
87559	2436778085
87560	2341127506
87561	3642827391
87562	2229865495
87563	1639993354
87564	2152478423
87565	1123003058
87566	3481104813
87567	2288551590
87568	92327859
87569	3653910591
87570	2691128647
87571	3707772338
87572	3023973043
87573	488314442
87574	1852813064
87575	1392269467
87576	2250557924
87577	3137017492
87578	3387815299
87579	1912493920
87580	4022466730
87581	4081409244
87582	2366036475
87583	1875518350
87584	3542452004
87585	2688238766
87586	792866047
87587	3981709914
87588	2601808972
87589	1310507823
87590	3076787332
87591	455735702
87592	3198174889
87593	3935845367
87594	3050250576
87595	1796325001
87596	1911447337
87597	1377687969
87598	1646285074
87599	247804949
87600	240509493
87601	3866668541
87602	2281111819
87603	849277294
87604	542992173
87605	906845185
87606	1343712739
87607	568168253
87608	2568849239
87609	763324287
87610	2624491012
87611	4237232211
87612	1970229005
87613	2481332148
87614	1541134582
87615	1773772277
87616	2307636967
87617	766827154
87618	1599209321
87619	160488694
87620	1715029656
87621	360517557
87622	3181934447
87623	2224324656
87624	463914110
87625	1885903679
87626	3201929664
87627	689821467
87628	3291888447
87629	3556946791
87630	3339829477
87631	571635574
87632	738872249
87633	1691814558
87634	1384972774
87635	220804423
87636	234931279
87637	196643774
87638	3001531115
87639	2819493589
87640	1116351778
87641	3388008925
87642	3957208947
87643	3606253958
87644	2485038339
87645	65244339
87646	1846202998
87647	3886631845
87648	1786023420
87649	2122718749
87650	3818533621
87651	1815855229
87652	2726917016
87653	3068421576
87654	1467055213
87655	2712771540
87656	1153897001
87657	3912168297
87658	2663910818
87659	2396936709
87660	2747307881
87661	2706788700
87662	2131170769
87663	983448091
87664	4218364390
87665	3255475631
87666	2383204404
87667	120470192
87668	447698061
87669	2469937386
87670	98911853
87671	398556875
87672	364767412
87673	4209056126
87674	2710402182
87675	4094396751
87676	142835460
87677	2713503122
87678	3551693179
87679	2711516517
87680	4064782927
87681	2909529501
87682	2926572377
87683	1407770309
87684	366001968
87685	398695079
87686	1908941888
87687	1440687418
87688	3621107032
87689	3511526259
87690	2382650358
87691	1997938464
87692	2457517526
87693	3589962911
87694	2420034041
87695	3483728591
87696	1171756262
87697	3861271898
87698	3615629845
87699	2695068339
87700	3824223613
87701	1065698556
87702	3693182850
87703	784416754
87704	1101486925
87705	3376336121
87706	4120560839
87707	2020281909
87708	2964506854
87709	1292056002
87710	1999832445
87711	726828349
87712	2830118442
87713	2460829999
87714	878999478
87715	2973749532
87716	1892853338
87717	3582764703
87718	1451074842
87719	477016083
87720	1214798475
87721	2170606264
87722	3509333806
87723	2143144356
87724	2372627363
87725	2508014297
87726	2021884278
87727	808898624
87728	3682712446
87729	2419478917
87730	582052198
87731	2730134313
87732	89359276
87733	2421744950
87734	2989574124
87735	2295220849
87736	1092788076
87737	3960891420
87738	4291284823
87739	2699365877
87740	906888081
87741	2712140767
87742	4067864868
87743	798542647
87744	3561668988
87745	3216948718
87746	2924221576
87747	3320691013
87748	565940832
87749	1866472280
87750	4214518436
87751	166893728
87752	1955825021
87753	3655969544
87754	162564077
87755	3808471094
87756	2302351431
87757	3009476419
87758	4012407893
87759	3262977520
87760	4100411352
87761	867129187
87762	599926026
87763	4118640426
87764	2889098410
87765	1596281788
87766	3852582509
87767	3127180142
87768	784988155
87769	3094522453
87770	3864355661
87771	503097990
87772	1893838719
87773	451639771
87774	2295668110
87775	2679522908
87776	27265792
87777	548963533
87778	1582207236
87779	3512257299
87780	1766158088
87781	1821149180
87782	2397215210
87783	3082712240
87784	172763391
87785	677534961
87786	1705669443
87787	3651380841
87788	764056647
87789	1928767055
87790	2813898302
87791	4090166523
87792	2674738159
87793	486417806
87794	3907461343
87795	2932932430
87796	1760591741
87797	2155589149
87798	2504145559
87799	4133660627
87800	75395499
87801	3492112997
87802	3513256481
87803	1528543340
87804	2565853411
87805	3547683379
87806	890119377
87807	2678199637
87808	35303485
87809	3277911735
87810	273781444
87811	2412634070
87812	298882447
87813	941232291
87814	3123550636
87815	3771321870
87816	3433174927
87817	1182369693
87818	1744202684
87819	1105425430
87820	302344879
87821	288431392
87822	77570576
87823	2466652845
87824	2227009530
87825	2393970225
87826	3809938959
87827	1166055020
87828	274632398
87829	3309706298
87830	311400734
87831	2070164797
87832	1441361462
87833	3380895578
87834	3296722076
87835	2558094741
87836	3734811019
87837	4031914050
87838	2720570772
87839	145935871
87840	3444027040
87841	2875927459
87842	3839073878
87843	1324140840
87844	2159587751
87845	1937302117
87846	3529421441
87847	1209048054
87848	2652223844
87849	2719097141
87850	896532704
87851	972378651
87852	1722689688
87853	304135632
87854	3520087981
87855	1587831333
87856	3772834519
87857	744523421
87858	2948659429
87859	1934678754
87860	3144705296
87861	3358530315
87862	2037923906
87863	2571686192
87864	804649929
87865	1282603250
87866	2837957589
87867	828764611
87868	1191517298
87869	3836721837
87870	3422752313
87871	1488735763
87872	4098287535
87873	2775166439
87874	3519633302
87875	2375703698
87876	2646091947
87877	2972379280
87878	4152706458
87879	1513767577
87880	947062422
87881	789563852
87882	89435626
87883	670723129
87884	2303026403
87885	1273060173
87886	619793165
87887	1188640650
87888	2394124053
87889	2184304439
87890	3561737699
87891	2994647632
87892	1777335747
87893	519320344
87894	695478131
87895	3268078830
87896	3197494730
87897	456248060
87898	3053085746
87899	3900577779
87900	2537533873
87901	696188386
87902	1676438977
87903	2531756820
87904	4271224773
87905	946223636
87906	1075660642
87907	2814600688
87908	2289265232
87909	196585130
87910	3486127316
87911	1632619730
87912	786859187
87913	1288994385
87914	3588025109
87915	1618320804
87916	1111813509
87917	3525678830
87918	858647742
87919	497342774
87920	1924402176
87921	495746741
87922	2493827383
87923	2932312170
87924	3657875975
87925	3698284319
87926	1689471053
87927	3980725845
87928	4275132871
87929	1764498813
87930	2526786010
87931	1989866433
87932	709499444
87933	2925363569
87934	2276491808
87935	1369671875
87936	1342468892
87937	4068075543
87938	4294756621
87939	345141858
87940	453400789
87941	1131779388
87942	2429889600
87943	416484412
87944	2800464306
87945	2561767837
87946	362453739
87947	3898320885
87948	3717337424
87949	1202597490
87950	3658310638
87951	2737623945
87952	3423815631
87953	3452054825
87954	762463611
87955	3877663444
87956	584197580
87957	809981027
87958	1145843994
87959	3823746606
87960	4127190234
87961	1533458756
87962	2924072617
87963	918764034
87964	2889707060
87965	932011783
87966	1370339648
87967	3502039831
87968	3802403884
87969	2568129622
87970	1444278271
87971	3108085998
87972	154891522
87973	659832477
87974	3440578875
87975	1199374998
87976	3962721485
87977	1017652418
87978	3877240904
87979	4187576041
87980	4226031681
87981	4143299409
87982	3040766297
87983	636749101
87984	959532687
87985	4117425364
87986	4030124441
87987	2367829882
87988	759350260
87989	590458630
87990	194529525
87991	863803771
87992	2230718682
87993	1120266811
87994	2744088850
87995	3377429805
87996	1420635481
87997	3499330384
87998	2689475631
87999	2862099733
88000	1884507334
88001	820987763
88002	1474680347
88003	1646498782
88004	1033024126
88005	2264999120
88006	2057233968
88007	1001324893
88008	3842605936
88009	1495168156
88010	87039080
88011	2478586690
88012	1033670609
88013	3656987515
88014	2404137869
88015	2280534880
88016	3835581596
88017	1424004276
88018	973210934
88019	2111367511
88020	971344729
88021	3104908155
88022	1362822532
88023	2366832688
88024	2605669569
88025	3508545133
88026	2492091606
88027	409496325
88028	3241884516
88029	90199213
88030	673857434
88031	3351032172
88032	2872702179
88033	383156455
88034	2430741847
88035	2296516870
88036	1793649653
88037	573569362
88038	2101168797
88039	2517305498
88040	2264079604
88041	4275016156
88042	3927412483
88043	2705319099
88044	227613331
88045	2231562491
88046	3823996546
88047	1165963872
88048	989625277
88049	1497511779
88050	1006633780
88051	2268011174
88052	1865649453
88053	1012885019
88054	3357477776
88055	3950729980
88056	3836350313
88057	4161504881
88058	3646718896
88059	3732636178
88060	2090874458
88061	2740549366
88062	4120271341
88063	1297488416
88064	2250194963
88065	2942592483
88066	2242494190
88067	2928542683
88068	4044624250
88069	1354883187
88070	2975387594
88071	1820522692
88072	1457389043
88073	845296763
88074	3723451977
88075	2175990046
88076	236644024
88077	2412314496
88078	2181535247
88079	2304821501
88080	2931378086
88081	268452464
88082	2855098172
88083	3551465758
88084	219856112
88085	339865434
88086	3093309493
88087	1312733449
88088	4164603540
88089	3443220683
88090	2595949297
88091	4153367030
88092	1247025696
88093	3095040132
88094	1502272043
88095	3635113315
88096	948285373
88097	2611908097
88098	1760629775
88099	3377514976
88100	3384105165
88101	3312227582
88102	3209749244
88103	2134139446
88104	259830779
88105	3018481416
88106	791457543
88107	2985445522
88108	2475576794
88109	3321664836
88110	1247934858
88111	2153230896
88112	1156475402
88113	3728887312
88114	877480718
88115	4136656110
88116	2228475983
88117	4219034364
88118	1517294394
88119	3645739975
88120	4030122899
88121	347384554
88122	2949337522
88123	70551553
88124	2487543188
88125	2284827519
88126	1449983500
88127	841052041
88128	3190862009
88129	3973902327
88130	3041635741
88131	3433978958
88132	1006924209
88133	1849519697
88134	1594507343
88135	3108546288
88136	4062348467
88137	3908373270
88138	4225667904
88139	1559246537
88140	4059861599
88141	1482403767
88142	677183984
88143	1420373335
88144	516928782
88145	4195228347
88146	3629160390
88147	1591454803
88148	3912560547
88149	3293020421
88150	3654170719
88151	3750803965
88152	3263260472
88153	2538663339
88154	2652836661
88155	1345790317
88156	3921555630
88157	4293713133
88158	1723943851
88159	1238543962
88160	3360558966
88161	1080965492
88162	2439122489
88163	2964931489
88164	2917867140
88165	4062283958
88166	4005517857
88167	3415313227
88168	1624177490
88169	3108152561
88170	4135474164
88171	1497210658
88172	437468096
88173	2164954641
88174	979750655
88175	2837693548
88176	520836767
88177	2471950654
88178	3860940548
88179	4122892318
88180	2743761170
88181	931595253
88182	4168021972
88183	4131377304
88184	1446193242
88185	2164252700
88186	673704889
88187	2385475693
88188	2738256214
88189	4274260259
88190	1212224335
88191	3937413140
88192	4194275993
88193	2305891335
88194	1116860978
88195	3765026789
88196	2018676270
88197	722120768
88198	3376166767
88199	739308907
88200	2035857532
88201	3002180986
88202	517452316
88203	2404246228
88204	4266424766
88205	1649716515
88206	996375432
88207	3242820666
88208	4024525910
88209	3499460435
88210	653246023
88211	390605379
88212	1123162198
88213	3737774139
88214	1504255579
88215	1378950649
88216	3705580499
88217	3744291258
88218	640111664
88219	3613164720
88220	1352525705
88221	2528120821
88222	4069872878
88223	2822892603
88224	2745134866
88225	500399122
88226	119394043
88227	3596638179
88228	1886969767
88229	2871028014
88230	3818063335
88231	1748133117
88232	436171322
88233	1513480617
88234	2048257082
88235	942061657
88236	2052585975
88237	3664030434
88238	2408272609
88239	1015348720
88240	3798938920
88241	1195818444
88242	3794626983
88243	986285163
88244	2281793667
88245	3318266598
88246	4174195428
88247	4083926607
88248	667288749
88249	2697279808
88250	355805938
88251	847969070
88252	3052608709
88253	4112876467
88254	2719624702
88255	2370556737
88256	2620598945
88257	3493158858
88258	2478247415
88259	2241759202
88260	289997618
88261	1701219620
88262	2570005153
88263	1226048308
88264	4015142624
88265	3205375031
88266	2165252907
88267	1423690813
88268	1390909875
88269	1258696052
88270	1030569180
88271	2636321589
88272	1855230837
88273	3856941038
88274	3924153574
88275	1502667563
88276	129952167
88277	4264365876
88278	817460607
88279	88972804
88280	1200021581
88281	532658154
88282	3055366955
88283	1182413751
88284	435907053
88285	2263141012
88286	3143639793
88287	1983274021
88288	1542404809
88289	4228200033
88290	925415005
88291	2692197695
88292	2100112375
88293	3636846249
88294	2582523223
88295	3476393866
88296	1314320171
88297	4241588624
88298	2547206055
88299	928593442
88300	2003718728
88301	4042707785
88302	3910135486
88303	760858658
88304	2937425661
88305	2940325681
88306	3044112668
88307	3971825960
88308	8899885
88309	4131612076
88310	143520795
88311	150354706
88312	1614144107
88313	2074035686
88314	452750324
88315	1137324608
88316	852541825
88317	3040596994
88318	1963869746
88319	2135880447
88320	789483122
88321	725979890
88322	1550511918
88323	2362998351
88324	3301640820
88325	2467360292
88326	3170075896
88327	3901074690
88328	167000853
88329	1057702926
88330	3237053695
88331	3919363597
88332	720745557
88333	3945082425
88334	803285660
88335	4288241137
88336	1138505547
88337	3184229094
88338	3540627802
88339	2179784421
88340	2531667287
88341	69805911
88342	2730658395
88343	946294820
88344	1615473017
88345	4121031108
88346	536389927
88347	1562637629
88348	2335683256
88349	1502341163
88350	2214996261
88351	3979669743
88352	1517895043
88353	2238781365
88354	1419529273
88355	3360193072
88356	3672398169
88357	2441759203
88358	982056428
88359	2132575315
88360	1319479510
88361	1303916121
88362	3753514786
88363	2434352443
88364	1443311001
88365	4182240648
88366	696924228
88367	4042581492
88368	1062366831
88369	2572548849
88370	2868262441
88371	2374989458
88372	1448757148
88373	1163150949
88374	2964039285
88375	3091557786
88376	2736868266
88377	640644400
88378	2283428217
88379	1049886292
88380	4163845038
88381	3493611330
88382	3691063026
88383	3729962249
88384	1497016830
88385	603306037
88386	767033611
88387	3737762034
88388	4059245093
88389	886398008
88390	2916005876
88391	2417575801
88392	150553821
88393	2887112375
88394	2852133192
88395	3090568781
88396	17517217
88397	3171019432
88398	1278839386
88399	538153888
88400	121678589
88401	2992058187
88402	448520688
88403	4282464142
88404	1211878152
88405	2706352845
88406	1256368640
88407	1051388981
88408	4261230733
88409	4227328417
88410	3944879783
88411	3121167779
88412	1066408262
88413	1139878809
88414	3086152872
88415	1966715477
88416	2176583932
88417	3729028409
88418	3606705184
88419	3928684599
88420	1003031798
88421	4237119055
88422	1017380928
88423	1335298279
88424	2782127085
88425	2902409536
88426	1127714905
88427	1240501581
88428	1127328301
88429	889905664
88430	4164411892
88431	892654939
88432	3992770987
88433	567440693
88434	3922056128
88435	4246883268
88436	911887799
88437	1280431778
88438	950286904
88439	279266117
88440	841000694
88441	1279671433
88442	1464417417
88443	122108033
88444	3255321772
88445	2716542236
88446	2999060541
88447	1094554137
88448	2404776247
88449	1459696016
88450	1229779615
88451	1531329673
88452	1330770060
88453	3943185558
88454	2236289072
88455	2795830092
88456	2320124967
88457	1215068789
88458	259611558
88459	2737394157
88460	3204071921
88461	976827633
88462	56196493
88463	4194035877
88464	2365930539
88465	3535056900
88466	2817144364
88467	1171522357
88468	4124769832
88469	958765130
88470	2883840806
88471	2699565644
88472	3090569808
88473	3555127775
88474	826878601
88475	1725368306
88476	753218384
88477	2449041031
88478	2879596874
88479	817822279
88480	2839165236
88481	2316657796
88482	87480073
88483	1186243400
88484	1094291480
88485	1199144451
88486	2636437145
88487	423967927
88488	1000036349
88489	2449720313
88490	2818457917
88491	1195282005
88492	916085506
88493	4172020546
88494	1094291479
88495	2417510439
88496	687397716
88497	4126596608
88498	1531193220
88499	3629447919
88500	3032352065
88501	4265687183
88502	2634949682
88503	3554602464
88504	4248909965
88505	1049449978
88506	1442641628
88507	3321494256
88508	1382969365
88509	3691508022
88510	3845343790
88511	1488794468
88512	2896372041
88513	2056800335
88514	2912024395
88515	1295551049
88516	2055481123
88517	1017590879
88518	1855111300
88519	1799701858
88520	2878421893
88521	1357815848
88522	1072925999
88523	2779876181
88524	3811607985
88525	363151378
88526	1430498275
88527	1815720534
88528	3052816124
88529	3305567311
88530	3090568782
88531	3642034856
88532	3170237938
88533	2416327449
88534	4142719451
88535	3171303847
88536	1103712309
88537	2765997047
88538	1161415436
88539	1475932188
88540	1229386911
88541	407452297
88542	4115128330
88543	3708071869
88544	2818457918
88545	424427466
88546	3399569080
88547	777534377
88548	388429495
88549	1009694720
88550	4274897853
88551	4288695363
88552	1503783712
88553	2432877052
88554	2868724024
88555	1161727321
88556	1106283853
88557	1127000877
88558	738648576
88559	4181188865
88560	1126663450
88561	369636311
88562	2987841465
88563	2852397387
88564	1098332593
88565	3871804991
88566	4259512618
88567	907135289
88568	3254369592
88569	1279540617
88570	2367178279
88571	1160217882
88572	2572418296
88573	3082619708
88574	3303222046
88575	3090570318
88576	3944946344
88577	3188081064
88578	932190277
88579	1443310488
88580	4149145224
88581	2318943277
88582	4226218982
88583	1382969365
88584	1559623118
88585	4130548639
88586	2406912847
88587	1514642783
88588	1413899900
88589	2879813233
88590	1164811017
88591	558214818
88592	796668369
88593	442071689
88594	2533315905
88595	809217838
88596	1011304854
88597	52884184
88598	1404504859
88599	1000996386
88600	4139267673
88601	3088522073
88602	634929904
88603	4104961541
88604	2365995801
88605	199947231
88606	36696793
88607	3792369988
88608	2914911804
88609	1094487320
88610	1087047927
88611	1303824861
88612	1000996640
88613	4139267675
88614	3087077707
88615	3283879143
88616	1279540617
88617	3945141395
88618	3204924073
88619	1083119684
88620	2468346074
88621	3354605532
88622	1160217876
88623	3622439345
88624	1012393385
88625	3691950844
88626	3696325945
88627	1955201536
88628	3652499209
88629	2851946815
88630	1312656725
88631	2723591883
88632	719628800
88633	1035473685
88634	1560475612
88635	3154527401
88636	998839629
88637	1443506840
88638	4098486152
88639	2320124983
88640	774915149
88641	692136841
88642	810135202
88643	1062366831
88644	2572746484
88645	2868263211
88646	2374989458
88647	1448757148
88648	1163150949
88649	2964039285
88650	3091557786
88651	2736869806
88652	640645170
88653	2283428217
88654	1100676948
88655	4080029113
88656	3527165765
88657	3741525746
88658	3763190794
88659	1513925121
88660	620214325
88661	800588044
88662	3754210031
88663	2850764338
88664	167717078
88665	3119709362
88666	1966715477
88667	3031501062
88668	4248911756
88669	931812862
88670	1543763932
88671	3188147625
88672	133517211
88673	911495095
88674	336439763
88675	121874923
88676	2031355973
88677	3134857421
88678	2316585277
88679	20486740
88680	3708400572
88681	3746720825
88682	1425727189
88683	3103998633
88684	1032657477
88685	3406362950
88686	3117080329
88687	2852397387
88688	1366636977
88689	696301833
88690	820992561
88691	4232372491
88692	3708334780
88693	2852012350
88694	1178110549
88695	3624578502
88696	1017773348
88697	4156044888
88698	3088259930
88699	4260683269
88700	104835580
88701	2400734269
88702	86808919
88703	1341098230
88704	943729289
88705	3892111349
88706	1852839447
88707	4260679503
88708	875339834
88709	1989365846
88710	1201496163
88711	1181121875
88712	2792780452
88713	1838877301
88714	1202758440
88715	1932775929
88716	1501203029
88717	5587631
88718	1001336578
88719	1196070143
88720	653449554
88721	3037469701
88722	2852004938
88723	3090569807
88724	17976481
88725	3153263281
88726	909085186
88727	4078503911
88728	4124836655
88729	67209870
88730	4158458034
88731	1135214144
88732	424032393
88733	3281999286
88734	777862313
88735	388757431
88736	1093646336
88737	2282798515
88738	2689352765
88739	2716542485
88740	2998798146
88741	1094487831
88742	3717408247
88743	3754488631
88744	440739716
88745	4182172170
88746	3741955516
88747	575390980
88748	1016063823
88749	1446327508
88750	2466233039
88751	2868724027
88752	424296394
88753	3399701174
88754	254469545
88755	1178515474
88756	2572288491
88757	2297892670
88758	965367802
88759	1428448116
88760	1110215223
88761	1269867296
88762	1382969365
88763	1509749966
88764	4131007647
88765	2406912847
88766	1514642783
88767	1413899900
88768	2879813233
88769	1164811017
88770	559132834
88771	796472273
88772	442071689
88773	2550158664
88774	810400302
88775	1011304088
88776	69661404
88777	1404570651
88778	1034551838
88779	4172822100
88780	3087076685
88781	3266637814
88782	3946196622
88783	4280866553
88784	4076384701
88785	967988789
88786	3037529068
88787	1094422551
88788	2320890676
88789	3066813959
88790	2852330827
88791	3090569040
88792	17583521
88793	3102996657
88794	1032477507
88795	378773730
88796	1118436928
88797	1462848221
88798	3269587171
88799	1094683929
88800	1070270712
88801	1421593310
88802	3853124641
88803	2850829871
88804	4281830973
88805	4226722489
88806	589081574
88807	138521854
88808	2333428800
88809	4079655498
88810	4076252346
88811	967988789
88812	3154903529
88813	1279605897
88814	1464155273
88815	4107928757
88816	1118633792
88817	1335562985
88818	2832458987
88819	2902409535
88820	1228967769
88821	1307741517
88822	138451725
88823	3175345701
88824	3283874295
88825	1383414193
88826	3585257992
88827	2888711712
88828	3791731277
88829	3656986610
88830	3376236900
88831	3258559969
88832	1015700290
88833	1015697736
88834	196526599
88835	1220870902
88836	2716542238
88837	2932017215
88838	1262258778
88839	1345489486
88840	960401849
88841	696976960
88842	419884018
88843	3691261938
88844	73764851
88845	1040757498
88846	977918772
88847	4175747788
88848	841340276
88849	254998220
88850	3121168547
88851	100093848
88852	639215059
88853	155362303
88854	1880495229
88855	4193018836
88856	3104129446
88857	909432150
88858	3902987462
88859	2417511545
88860	4281701979
88861	3758535864
88862	507888902
88863	1554115356
88864	95601159
88865	1148205489
88866	4143137239
88867	3255321514
88868	4282466448
88869	283869085
88870	3740656825
88871	1094683672
88872	2404776763
88873	4227653380
88874	720559939
88875	3572384410
88876	1113188265
88877	888613493
88878	234548705
88879	860369311
88880	2877404828
88881	946039737
88882	558215842
88883	276905234
88884	1102045415
88885	998918772
88886	2706661727
88887	764033137
88888	2980258121
88889	705958016
88890	4229120944
88891	1279475337
88892	2333689383
88893	2114193543
88894	3533299458
88895	1069028119
88896	1459092702
88897	3070771111
88898	999101767
88899	1509504153
88900	1313388450
88901	1280064905
88902	1465069961
88903	3942857869
88904	852508549
88905	3118613682
88906	1295747657
88907	2914273387
88908	682364792
88909	788507369
88910	1098462398
88911	1140055801
88912	1730972213
88913	3020226733
88914	797836602
88915	910132410
88916	838000707
88917	1560032398
88918	3171106220
88919	167202712
88920	1346277905
88921	2232749878
88922	4110474500
88923	804446546
88924	137615111
88925	3658198714
88926	2689354557
88927	3867209940
88928	4091787790
88929	965809993
88930	1442462616
88931	4192011184
88932	1118304832
88933	370770074
88934	3428168846
88935	2688241467
88936	2802544273
88937	2997037394
88938	797589589
88939	4052285204
88940	1228967255
88941	1045686805
88942	1236106862
88943	2593288838
88944	724977760
88945	3130957997
88946	1043237431
88947	1303618336
88948	2780308271
88949	422675942
88950	244612807
88951	814066728
88952	1883213080
88953	1295643417
88954	3355129817
88955	2140981730
88956	3001954636
88957	2948072257
88958	104536452
88959	4007779018
88960	105097449
88961	3377476871
88962	3637115127
88963	2320890166
88964	49666571
88965	1307942987
88966	1312655958
88967	2756621773
88968	736537085
88969	1069028123
88970	1409219292
88971	4215487653
88972	2321238845
88973	142936833
88974	147060785
88975	1815720534
88976	4180466382
88977	1324720203
88978	1245284950
88979	2522348279
88980	2998667325
88981	3305371727
88982	709770897
88983	2232945459
88984	972429572
88985	4025933060
88986	2434287143
88987	2597102678
88988	3121555431
88989	391004087
88990	999905788
88991	196329221
88992	1062366831
88993	2571366122
88994	2754170354
88995	1362135615
88996	1274185974
88997	1246838668
88998	608392169
88999	1615441277
89000	2241499761
89001	1663776327
89002	2260377247
89003	692268681
89004	810398882
89005	1453701154
89006	2971218309
89007	402426243
89008	3861939633
89009	1534081677
89010	3578346226
89011	3687709495
89012	696230605
89013	1437859899
89014	4057128978
89015	104508650
89016	428149504
89017	3637034482
89018	3713299769
89019	1077184443
89020	105229308
89021	4165965327
89022	564909022
89023	1034305598
89024	1228835414
89025	3680107519
89026	3758499570
89027	2233009013
89028	4045232304
89029	1101463360
89030	440941449
89031	3383119544
89032	845080489
89033	804446035
89034	120968970
89035	1387439176
89036	1304758519
89037	2316258352
89038	4078821319
89039	1345495098
89040	2291351151
89041	1408409640
89042	1174113583
89043	1006059078
89044	2470334788
89045	3415268361
89046	2194019106
89047	3012818759
89048	1228769865
89049	1854297096
89050	692908959
89051	1078588556
89052	4144972182
