46451	3457535571
46452	630227976
46453	916320531
46454	4008874741
46455	3913835359
46456	1297452468
46457	2431149151
46458	1577725590
46459	2029101717
46460	1884733642
46461	3695024543
46462	1897395221
46463	90021645
46464	2341127506
46465	3642827391
46466	2229865495
46467	2756613271
46468	3567455742
46469	1495998779
46470	388734863
46471	2930319034
46472	764705509
46473	581518722
46474	1315876499
46475	634715761
46476	3750273180
46477	488314442
46478	1852813064
46479	1392269467
46480	2250557924
46481	3137017492
46482	3387815299
46483	1912493920
46484	844119351
46485	155524136
46486	3411931606
46487	4227699832
46488	1563266243
46489	298285438
46490	90449425
46491	901640802
46492	2028678232
46493	52361917
46494	712343592
46495	944529531
46496	3931956487
46497	4050408617
46498	1560435178
46499	3841600379
46500	1088082678
46501	2103988106
46502	1646285074
46503	247804949
46504	240509493
46505	3866668541
46506	2281111819
46507	849277294
46508	542992173
46509	906845185
46510	1343712739
46511	568168253
46512	2568849239
46513	763324287
46514	2624491012
46515	4237232211
46516	1970229005
46517	2481332148
46518	2657754499
46519	3783646373
46520	666845059
46521	3146938051
46522	264993555
46523	2406766431
46524	1820933401
46525	3946845168
46526	1911388371
46527	1825645016
46528	2767607718
46529	135756239
46530	4249660482
46531	3814314896
46532	1382293202
46533	3086104942
46534	3237540586
46535	2959901491
46536	1387427722
46537	2873114572
46538	2134196316
46539	790496935
46540	154032596
46541	255423626
46542	3676532861
46543	3898784641
46544	151623976
46545	3586742009
46546	2268660465
46547	984803491
46548	2856796888
46549	1250284201
46550	4132765773
46551	823101510
46552	1280886596
46553	2122718749
46554	3818533621
46555	1815855229
46556	2726917016
46557	3068421576
46558	1467055213
46559	2712771540
46560	1153897001
46561	3912168297
46562	2663910818
46563	2396936709
46564	2747307881
46565	2706788700
46566	2131170769
46567	983448091
46568	4218364390
46569	3255475631
46570	2383204404
46571	120470192
46572	447698061
46573	2469937386
46574	98911853
46575	398556875
46576	364767412
46577	4209056126
46578	2710402182
46579	4094396751
46580	142835460
46581	2713503122
46582	3551693179
46583	2711516517
46584	4064782927
46585	2909529501
46586	4043192294
46587	3721975566
46588	61670807
46589	2847762080
46590	2114050275
46591	586608770
46592	2560329281
46593	295656658
46594	4264304193
46595	350089589
46596	2056676842
46597	543421292
46598	1277512109
46599	2514107491
46600	1432737677
46601	766695663
46602	1144692708
46603	2101684198
46604	4018928114
46605	1182849954
46606	1584757764
46607	1653902741
46608	2776820794
46609	2694173726
46610	1555486756
46611	2035274906
46612	1779039990
46613	358274236
46614	1024018966
46615	3945665711
46616	3435406527
46617	1597941265
46618	1639599321
46619	1236297612
46620	1723603879
46621	1095584197
46622	291843525
46623	19057764
46624	2854056808
46625	3634292154
46626	2794871458
46627	2603628239
46628	2481835992
46629	3091760894
46630	1357238998
46631	727227578
46632	3823163344
46633	778271389
46634	2898261472
46635	1617311660
46636	2281472981
46637	4231922843
46638	214668429
46639	1709876667
46640	1876865342
46641	2500333030
46642	4063294731
46643	1773611128
46644	3506159659
46645	2490646031
46646	366150857
46647	521693806
46648	728590395
46649	1779549093
46650	2353216680
46651	466738394
46652	356363116
46653	2477834153
46654	3098019739
46655	166893728
46656	1955825021
46657	3655969544
46658	162564077
46659	3808471094
46660	2302351431
46661	3009476419
46662	4012407893
46663	3262977520
46664	4100411352
46665	867129187
46666	599926026
46667	4118640426
46668	2889098410
46669	1596281788
46670	3852582509
46671	3127180142
46672	784988155
46673	3094522453
46674	3864355661
46675	503097990
46676	1893838719
46677	451639771
46678	2295668110
46679	2679522908
46680	27265792
46681	548963533
46682	1582207236
46683	3512257299
46684	1766158088
46685	1821149180
46686	2397215210
46687	3082712240
46688	172763391
46689	677534961
46690	1705669443
46691	3651380841
46692	764056647
46693	1928767055
46694	2813898302
46695	4090166523
46696	2674738159
46697	486417806
46698	3907461343
46699	2932932430
46700	1760591741
46701	2155589149
46702	2504145559
46703	4133660627
46704	75395499
46705	3492112997
46706	3513256481
46707	1528543340
46708	2565853411
46709	3547683379
46710	890119377
46711	2678199637
46712	35303485
46713	3277911735
46714	273781444
46715	2412634070
46716	298882447
46717	941232291
46718	3123550636
46719	3771321870
46720	3433174927
46721	1182369693
46722	2860822601
46723	532916963
46724	3189058603
46725	1132471735
46726	3224166368
46727	1758483559
46728	1089278521
46729	660031402
46730	1454018873
46731	238159178
46732	348449592
46733	3885418736
46734	2969877841
46735	3237688190
46736	1352935764
46737	3499197010
46738	765107183
46739	3847648202
46740	797408683
46741	1244150328
46742	812526514
46743	389889328
46744	153531964
46745	2989368178
46746	2583111227
46747	692989237
46748	1821118254
46749	927648602
46750	505089075
46751	3035511789
46752	2026151170
46753	2169070837
46754	3270589167
46755	257006544
46756	1844677654
46757	1152268659
46758	2866659455
46759	308761322
46760	874088632
46761	138917737
46762	1445840027
46763	2539451963
46764	3409418074
46765	4147564111
46766	2924223979
46767	1166138660
46768	1528035066
46769	150495050
46770	1404991706
46771	1673999583
46772	361275323
46773	4035601215
46774	2038406071
46775	64862376
46776	293411860
46777	1425153387
46778	3893832875
46779	4063492481
46780	4177140526
46781	2141276713
46782	1294129814
46783	512144878
46784	1085796387
46785	686537302
46786	953062019
46787	1413641409
46788	4117623499
46789	715363704
46790	1008240175
46791	591709182
46792	503875015
46793	1682949094
46794	2903861727
46795	3259561218
46796	1054463842
46797	2219761283
46798	634295525
46799	4003681127
46800	3925578323
46801	876546156
46802	1918325302
46803	2509546355
46804	94081884
46805	3367692468
46806	3409110820
46807	2556122528
46808	535638366
46809	3656162437
46810	1996043857
46811	2740283634
46812	2281911240
46813	3270450815
46814	552712529
46815	3465970765
46816	1607267920
46817	3108085741
46818	4085143027
46819	1396612905
46820	220698755
46821	3170567513
46822	3405872764
46823	1445911726
46824	2786011117
46825	93588615
46826	121079814
46827	217476591
46828	1492400076
46829	3315604210
46830	2856228428
46831	2410636492
46832	89696538
46833	2790067024
46834	1273227707
46835	3237347306
46836	2831231118
46837	2836830208
46838	669329451
46839	1160757316
46840	1329888715
46841	3322876776
46842	1338241377
46843	539772562
46844	4276888540
46845	4236606382
46846	786951309
46847	1917159213
46848	4157357176
46849	1413625711
46850	939590969
46851	356043346
46852	110695048
46853	3405872765
46854	1245457647
46855	1535000814
46856	942833339
46857	2335556128
46858	762463611
46859	3877663444
46860	584197580
46861	809981027
46862	1145843994
46863	3823746606
46864	4127190234
46865	1533458756
46866	2924072617
46867	918764034
46868	2889707060
46869	932011783
46870	1370339648
46871	3502039831
46872	3802403884
46873	2568129622
46874	1444278271
46875	3108085998
46876	154891522
46877	659832477
46878	3440578875
46879	1199374998
46880	3962721485
46881	1017652418
46882	3877240904
46883	4187576041
46884	4226031681
46885	4143299409
46886	3040766297
46887	636749101
46888	959532687
46889	4117425364
46890	4030124441
46891	2367829882
46892	759350260
46893	590458630
46894	194529525
46895	863803771
46896	2230718682
46897	1120266811
46898	2744088850
46899	3377429805
46900	1420635481
46901	3499330384
46902	2689475631
46903	2862099733
46904	1884507334
46905	820987763
46906	1474680347
46907	1646498782
46908	1033024126
46909	2264999120
46910	2057233968
46911	1001324893
46912	3842605936
46913	1495168156
46914	87039080
46915	2478586690
46916	1033670609
46917	3656987515
46918	2404137869
46919	2280534880
46920	3835581596
46921	1424004276
