44436	2197079619
44437	630227976
44438	916320531
44439	4008874741
44440	3913835359
44441	1297452468
44442	2431149151
44443	1577725590
44444	2029101717
44445	1884733642
44446	3695024543
44447	1897395221
44448	90021645
44449	2341127506
44450	3642827391
44451	2229865495
44452	2756613271
44453	3567455742
44454	1495998779
44455	388734863
44456	2930319034
44457	764705509
44458	581518722
44459	1315876499
44460	634715761
44461	3750273180
44462	488314442
44463	1852813064
44464	1392269467
44465	2250557924
44466	3137017492
44467	3387815299
44468	1912493920
44469	844119351
44470	155524136
44471	3411931606
44472	4227699832
44473	1563266243
44474	298285438
44475	90449425
44476	901640802
44477	2028678232
44478	52361917
44479	712343592
44480	944529531
44481	3931956487
44482	4050408617
44483	1560435178
44484	3841600379
44485	1088082678
44486	2103988106
44487	1646285074
44488	247804949
44489	240509493
44490	3866668541
44491	2281111819
44492	849277294
44493	542992173
44494	906845185
44495	1343712739
44496	568168253
44497	2568849239
44498	763324287
44499	2624491012
44500	4237232211
44501	1970229005
44502	2481332148
44503	2657754499
44504	3783646373
44505	666845059
44506	3146938051
44507	264993555
44508	2406766431
44509	1820933401
44510	3946845168
44511	1911388371
44512	1825645016
44513	2767607718
44514	135756239
44515	4249660482
44516	3814314896
44517	1382293202
44518	3086104942
44519	3237540586
44520	2959901491
44521	1387427722
44522	2873114572
44523	2134196316
44524	790496935
44525	154032596
44526	255423626
44527	3676532861
44528	3898784641
44529	151623976
44530	3586742009
44531	2268660465
44532	984803491
44533	2856796888
44534	1250284201
44535	4132765773
44536	823101510
44537	1280886596
44538	2122718749
44539	3818533621
44540	1815855229
44541	2726917016
44542	3068421576
44543	1467055213
44544	2712771540
44545	1153897001
44546	3912168297
44547	2663910818
44548	2396936709
44549	2747307881
44550	2706788700
44551	2131170769
44552	983448091
44553	4218364390
44554	3255475631
44555	2383204404
44556	120470192
44557	447698061
44558	2469937386
44559	98911853
44560	398556875
44561	364767412
44562	4209056126
44563	2710402182
44564	4094396751
44565	142835460
44566	2713503122
44567	3551693179
44568	2711516517
44569	4064782927
44570	2909529501
44571	4043192294
44572	3721975566
44573	61670807
44574	2847762080
44575	2114050275
44576	586608770
44577	2560329281
44578	295656658
44579	4264304193
44580	350089589
44581	2056676842
44582	543421292
44583	1277512109
44584	2514107491
44585	1432737677
44586	766695663
44587	1144692708
44588	2101684198
44589	4018928114
44590	1182849954
44591	1584757764
44592	1653902741
44593	2776820794
44594	2694173726
44595	1555486756
44596	2035274906
44597	1779039990
44598	358274236
44599	1024018966
44600	3945665711
44601	3435406527
44602	1597941265
44603	1639599321
44604	1236297612
44605	1723603879
44606	1095584197
44607	291843525
44608	19057764
44609	2854056808
44610	3634292154
44611	2794871458
44612	2603628239
44613	2481835992
44614	3091760894
44615	1357238998
44616	727227578
44617	3823163344
44618	778271389
44619	2898261472
44620	1617311660
44621	2281472981
44622	4231922843
44623	214668429
44624	1709876667
44625	1876865342
44626	2500333030
44627	4063294731
44628	1773611128
44629	3506159659
44630	2490646031
44631	366150857
44632	521693806
44633	728590395
44634	1779549093
44635	2353216680
44636	466738394
44637	356363116
44638	2477834153
44639	3098019739
44640	166893728
44641	1955825021
44642	3655969544
44643	162564077
44644	3808471094
44645	2302351431
44646	3009476419
44647	4012407893
44648	3262977520
44649	4100411352
44650	867129187
44651	599926026
44652	4118640426
44653	2889098410
44654	1596281788
44655	3852582509
44656	3127180142
44657	784988155
44658	3094522453
44659	3864355661
44660	503097990
44661	1893838719
44662	451639771
44663	2295668110
44664	2679522908
44665	27265792
44666	548963533
44667	1582207236
44668	3512257299
44669	1766158088
44670	1821149180
44671	2397215210
44672	3082712240
44673	172763391
44674	677534961
44675	1705669443
44676	3651380841
44677	764056647
44678	1928767055
44679	2813898302
44680	4090166523
44681	2674738159
44682	486417806
44683	3907461343
44684	2932932430
44685	1760591741
44686	2155589149
44687	2504145559
44688	4133660627
44689	75395499
44690	3492112997
44691	3513256481
44692	1528543340
44693	2565853411
44694	3547683379
44695	890119377
44696	2678199637
44697	35303485
44698	3277911735
44699	273781444
44700	2412634070
44701	298882447
44702	941232291
44703	3123550636
44704	3771321870
44705	3433174927
44706	1182369693
44707	2860822601
44708	532916963
44709	3189058603
44710	1132471735
44711	3224166368
44712	1758483559
44713	1089278521
44714	660031402
44715	1454018873
44716	238159178
44717	348449592
44718	3885418736
44719	2969877841
44720	3237688190
44721	1352935764
44722	3499197010
44723	765107183
44724	3847648202
44725	797408683
44726	1244150328
44727	812526514
44728	389889328
44729	153531964
44730	2989368178
44731	2583111227
44732	692989237
44733	1821118254
44734	927648602
44735	505089075
44736	3035511789
44737	2026151170
44738	2169070837
44739	3270589167
44740	257006544
44741	1844677654
44742	1152268659
44743	2866659455
44744	308761322
44745	874088632
44746	138917737
44747	1445840027
44748	2539451963
44749	3409418074
44750	4147564111
44751	2924223979
44752	1166138660
44753	1528035066
44754	150495050
44755	1404991706
44756	1673999583
44757	361275323
44758	4035601215
44759	2038406071
44760	64862376
44761	293411860
44762	1425153387
44763	3893832875
44764	4063492481
44765	4177140526
44766	2141276713
44767	1294129814
44768	512144878
44769	1085796387
44770	686537302
44771	953062019
44772	1413641409
44773	4117623499
44774	715363704
44775	1008240175
44776	591709182
44777	503875015
44778	1682949094
44779	2903861727
44780	3259561218
44781	1054463842
44782	2219761283
44783	634295525
44784	4003681127
44785	3925578323
44786	876546156
44787	1918325302
44788	2509546355
44789	94081884
44790	3367692468
44791	3409110820
44792	2556122528
44793	535638366
44794	3656162437
44795	1996043857
44796	2740283634
44797	2281911240
44798	3270450815
44799	552712529
44800	3465970765
44801	1607267920
44802	3108085741
44803	4085143027
44804	1396612905
44805	220698755
44806	3170567513
44807	3405872764
44808	1445911726
44809	2786011117
44810	93588615
44811	121079814
44812	217476591
44813	1492400076
44814	3315604210
44815	2856228428
44816	2410636492
44817	89696538
44818	2790067024
44819	1273227707
44820	3237347306
44821	2831231118
44822	2836830208
44823	669329451
44824	1160757316
44825	1329888715
44826	3322876776
44827	1338241377
44828	539772562
44829	4276888540
44830	4236606382
44831	786951309
44832	1917159213
44833	4157357176
44834	1413625711
44835	939590969
44836	356043346
44837	110695048
44838	3405872765
44839	1245457647
44840	1535000814
44841	942833339
44842	2335556128
44843	762463611
44844	3877663444
44845	584197580
44846	809981027
44847	1145843994
44848	3823746606
44849	4127190234
44850	1533458756
44851	2924072617
44852	918764034
44853	2889707060
44854	932011783
44855	1370339648
44856	3502039831
44857	3802403884
44858	2568129622
44859	1444278271
44860	3108085998
44861	154891522
44862	659832477
44863	3440578875
44864	1199374998
44865	3962721485
44866	1017652418
44867	3877240904
44868	4187576041
44869	4226031681
44870	4143299409
44871	3040766297
44872	636749101
44873	959532687
44874	4117425364
44875	4030124441
44876	2367829882
44877	759350260
44878	590458630
44879	194529525
44880	863803771
44881	2230718682
44882	1120266811
44883	2744088850
44884	3377429805
44885	1420635481
44886	3499330384
44887	2689475631
44888	2862099733
44889	1884507334
44890	820987763
44891	1474680347
44892	1646498782
44893	1033024126
44894	2264999120
44895	2057233968
44896	1001324893
44897	3842605936
44898	1495168156
44899	87039080
44900	2478586690
44901	1033670609
44902	3656987515
44903	2404137869
44904	2280534880
44905	3835581596
44906	1424004276
44907	973210934
44908	2111367511
44909	971344729
44910	3104908155
44911	1362822532
44912	2366832688
44913	2605669569
44914	3508545133
44915	2492091606
44916	409496325
44917	3241884516
44918	90199213
44919	673857434
44920	3351032172
44921	2872702179
44922	383156455
44923	2430741847
44924	2296516870
44925	1793649653
44926	573569362
44927	2101168797
44928	2517305498
44929	2264079604
44930	4275016156
44931	3927412483
44932	2705319099
44933	227613331
44934	2231562491
44935	3823996546
44936	1165963872
44937	989625277
44938	1497511779
44939	1006633780
44940	2268011174
44941	1865649453
44942	1012885019
44943	3357477776
44944	3950729980
44945	3836350313
44946	4161504881
44947	3646718896
44948	3732636178
44949	2090874458
44950	2740549366
44951	4120271341
44952	1297488416
44953	2250194963
44954	2942592483
44955	2242494190
44956	2928542683
44957	4044624250
44958	1354883187
44959	2975387594
44960	1820522692
44961	1457389043
44962	845296763
44963	3723451977
44964	2175990046
44965	236644024
44966	2412314496
44967	2181535247
44968	2304821501
44969	2931378086
44970	268452464
44971	2855098172
44972	3551465758
44973	219856112
44974	339865434
44975	3093309493
44976	1312733449
44977	4164603540
44978	3443220683
44979	3712569214
44980	104768746
44981	428148217
44982	3754473202
44983	3729552697
44984	1077641403
44985	54830332
44986	1082792005
44987	2141374363
44988	3703181102
44989	2350269753
44990	1140204952
44991	4244040865
44992	504800171
44993	155231231
44994	2321238071
44995	3427748098
44996	3774689266
44997	758437208
44998	3790662593
44999	852754295
45000	32293586
45001	3853125150
45002	1028091177
45003	1941786664
45004	116519899
45005	3121168291
45006	2716540949
45007	2931362111
45008	1094158618
45009	2405038392
45010	2370720691
45011	2689353788
45012	2320976955
45013	1526671247
45014	4026283932
45015	1066092047
45016	99657967
45017	1144492361
45018	2980951111
45019	2126542699
45020	3589729792
45021	1095126832
45022	3539610168
45023	908889092
45024	4180206796
45025	3104128678
45026	3460376902
45027	3417701621
45028	462178296
45029	230810941
45030	967985977
45031	853132277
45032	4074392943
45033	1148222955
45034	2833508391
45035	1966547980
45036	3401512885
45037	3928966200
45038	1452767089
45039	573384081
45040	1426467084
45041	742603753
45042	2226494903
45043	1044094264
45044	3895655137
45045	656318703
45046	1498265653
45047	346412001
45048	4013836140
45049	1433399815
45050	950416952
45051	1916242503
45052	2233008950
45053	2370719668
45054	2868789567
45055	2300266361
45056	3384385056
45057	1049499977
45058	1442394779
45059	3445248
45060	121874685
45061	2417577278
45062	4248279639
45063	3456105731
45064	3053273400
45065	1094290711
45066	3717605365
45067	3501585910
45068	1015700291
45069	150438369
45070	2970736564
45071	2852265798
45072	320558753
45073	4124903593
45074	1034419520
45075	370572186
45076	635241884
45077	1038757699
45078	862299914
45079	3793942705
45080	327273301
45081	3708327914
45082	3861857342
45083	2471516025
45084	2640340027
45085	1719489645
45086	1987224938
45087	2601154218
45088	4222939448
45089	1497181235
45090	2283428217
45091	1610404658
45092	2180459852
45093	1883032629
45094	419883836
45095	3757256690
45096	3629645109
45097	2806598900
45098	133255063
45099	1160874751
45100	3789474489
45101	1017637685
45102	2231565608
45103	3149198075
45104	1966715477
45105	3014789121
45106	4248909964
45107	999119351
45108	183861282
45109	1229780127
45110	1335495903
45111	2782127596
45112	2689354044
45113	2320976956
45114	4176076034
45115	1127131437
45116	739041792
45117	4147634686
45118	1160217880
45119	3638624431
45120	844948137
45121	838000957
45122	3579211494
45123	3619617529
45124	3497342481
45125	4057186033
45126	4255140939
45127	1094290199
45128	2350400807
45129	4164327772
45130	3725177022
45131	1204085799
45132	1287140949
45133	2716540178
45134	2830829116
45135	1094749207
45136	2606105129
45137	2565408323
45138	959025719
45139	959299583
45140	138190654
45141	2371355701
45142	1478304767
45143	2910744413
45144	2456979315
45145	910713153
45146	2661330603
45147	747780217
45148	218410985
45149	2337711543
45150	2242909488
45151	2587696174
45152	1840441903
45153	1815720534
45154	2985640962
45155	3305370191
45156	3090568524
45157	3944682406
45158	3759668639
45159	2817209897
45160	184297686
45161	3086153129
45162	1966715477
45163	2880964348
45164	1094749207
45165	2371221558
45166	3050102281
45167	2852132935
45168	3090568780
45169	17516961
45170	3119774384
45171	965368643
45172	311664873
45173	1084948032
45174	407649933
45175	4108016118
45176	937295910
45177	2233271603
45178	200884185
45179	3204988579
45180	99766173
45181	1346145553
45182	3579327477
45183	3501650936
45184	982194245
45185	3406361666
45186	4294237449
45187	121809661
45188	4065303053
45189	447140834
45190	1084685632
45191	407714444
45192	899242747
45193	2416361463
45194	2671727214
45195	184501214
45196	1467033904
45197	943602588
45198	3001694469
45199	1382969365
45200	2572879140
45201	217187884
45202	2928512885
45203	2639682118
45204	658854981
45205	2578492325
45206	1824015724
45207	1007215394
45208	590378109
45209	2246452099
45210	2721710573
45211	2242586174
45212	1498079876
45213	3957644736
45214	2534286207
45215	3090569804
45216	3554995678
45217	4062848394
45218	2232090214
45219	3401118459
45220	3946196362
45221	888543496
45222	4126728446
45223	150160094
45224	4131509426
45225	105096956
45226	2417577274
45227	2664341331
45228	3090046009
45229	3122080500
45230	104869047
45231	4052488129
45232	4238363723
45233	1470229284
45234	2432943100
45235	2801615165
45236	860347794
45237	3790662848
45238	999299396
45239	3406362948
45240	200884186
45241	3204988579
45242	166875038
45243	1078582609
45244	950848439
45245	584152375
45246	804443070
45247	138390269
45248	1016076618
45249	1319479510
45250	1303916121
45251	3753514786
45252	2434352443
45253	1443311001
45254	4182240648
45255	696924228
45256	4042581492
45257	1062366831
45258	2572548849
45259	2868262441
45260	2374989458
45261	1448757148
45262	1163150949
45263	2964039285
45264	3091557786
45265	2736868266
45266	640644400
45267	2283428217
45268	1049886292
45269	4163845038
45270	3493611330
45271	3691063026
45272	3729962249
45273	1497016830
45274	603306037
45275	767033611
45276	3737762034
45277	4059245093
45278	886398008
45279	2916005876
45280	2417575801
45281	150553821
45282	2887112375
45283	2852133192
45284	3090568781
45285	17517217
45286	3171019432
45287	1278839386
45288	538153888
45289	121678589
45290	2992058187
45291	448520688
45292	4282464142
45293	1211878152
45294	2706352845
45295	1256368640
45296	1051388981
45297	4261230733
45298	4227328417
45299	3944879783
45300	3121167779
45301	1066408262
45302	1139878809
45303	3086152872
45304	1966715477
45305	2176583932
45306	3729028409
45307	3606705184
45308	3928684599
45309	1003031798
45310	4237119055
45311	1017380928
45312	1335298279
45313	2782127085
45314	2902409536
45315	1127714905
45316	1240501581
45317	1127328301
45318	889905664
45319	4164411892
45320	892654939
45321	3992770987
45322	567440693
45323	3922056128
45324	4246883268
45325	911887799
45326	1280431778
45327	950286904
45328	279266117
45329	841000694
45330	1279671433
45331	1464417417
45332	122108033
45333	3255321772
45334	2716542236
45335	2999060541
45336	1094554137
45337	2404776247
45338	1459696016
45339	1229779615
45340	1531329673
45341	1330770060
45342	3943185558
45343	2236289072
45344	2795830092
45345	2320124967
45346	1215068789
45347	259611558
45348	2737394157
45349	3204071921
45350	976827633
45351	56196493
45352	4194035877
45353	2365930539
45354	3535056900
45355	2817144364
45356	1171522357
45357	4124769832
45358	958765130
45359	2883840806
45360	2699565644
45361	3090569808
45362	3555127775
45363	826878601
45364	1725368306
45365	753218384
45366	2449041031
45367	2879596874
45368	817822279
45369	2839165236
45370	2316657796
45371	87480073
45372	1186243400
45373	1094291480
45374	1199144451
45375	2636437145
45376	423967927
45377	1000036349
45378	2449720313
45379	2818457917
45380	1195282005
45381	916085506
45382	4172020546
45383	1094291479
45384	2417510439
45385	687397716
45386	4126596608
45387	1531193220
45388	3629447919
45389	3032352065
45390	4265687183
45391	2634949682
45392	3554602464
45393	4248909965
45394	1049449978
45395	1442641628
45396	3321494256
45397	1382969365
45398	3691508022
45399	3845343790
45400	1488794468
45401	2896372041
45402	2056800335
45403	2912024395
45404	1295551049
45405	2055481123
45406	1017590879
45407	1855111300
45408	1799701858
45409	2878421893
45410	1357815848
45411	1072925999
45412	2779876181
45413	3811607985
45414	363151378
45415	1430498275
45416	1815720534
45417	3052816124
45418	3305567311
45419	3090568782
45420	3642034856
45421	3170237938
45422	2416327449
45423	4142719451
45424	3171303847
45425	1103712309
45426	2765997047
45427	1161415436
45428	1475932188
45429	1229386911
45430	407452297
45431	4115128330
45432	3708071869
45433	2818457918
45434	424427466
45435	3399569080
45436	777534377
45437	388429495
45438	1009694720
45439	4274897853
45440	4288695363
45441	1503783712
45442	2432877052
45443	2868724024
45444	1161727321
45445	1106283853
45446	1127000877
45447	738648576
45448	4181188865
45449	1126663450
45450	369636311
45451	2987841465
45452	2852397387
45453	1098332593
45454	3871804991
45455	4259512618
45456	907135289
45457	3254369592
45458	1279540617
45459	2367178279
45460	1160217882
45461	2572418296
45462	3082619708
45463	3303222046
45464	3090570318
45465	3944946344
45466	3188081064
45467	932190277
45468	1443310488
45469	4149145224
45470	2318943277
45471	4226218982
45472	1382969365
45473	1559623118
45474	4130548639
45475	2406912847
45476	1514642783
45477	1413899900
45478	2879813233
45479	1164811017
45480	558214818
45481	796668369
45482	442071689
45483	2533315905
45484	809217838
45485	1011304854
45486	52884184
45487	1404504859
45488	1000996386
45489	4139267673
45490	3088522073
45491	634929904
45492	4104961541
45493	2365995801
45494	199947231
45495	36696793
45496	3792369988
45497	2914911804
45498	1094487320
45499	1087047927
45500	1303824861
45501	1000996640
45502	4139267675
45503	3087077707
45504	3283879143
45505	1279540617
45506	3945141395
45507	3204924073
45508	1083119684
45509	2468346074
45510	3354605532
45511	1160217876
45512	3622439345
45513	1012393385
45514	3691950844
45515	3696325945
45516	1955201536
45517	3652499209
45518	2851946815
45519	1312656725
45520	2723591883
45521	719628800
45522	1035473685
45523	2677095529
45524	2778222230
45525	1621513812
45526	2167828322
45527	2555287191
45528	2841007262
45529	913465940
45530	2666058145
45531	1063494552
45532	2656850272
45533	2715758427
45534	2778353320
45535	1571444308
45536	3795366304
45537	1582392997
45538	2908574048
45539	3527767611
45540	1937740212
45541	1765440890
45542	951099295
45543	1399170458
45544	2908639584
45545	2526532664
45546	1469995600
45547	2774045265
45548	2104965697
45549	2694801770
45550	2778353320
45551	1671845207
45552	951166109
45553	1370071962
45554	1369418330
45555	2058329768
45556	933666721
45557	2841022545
45558	2526230131
45559	2527174373
45560	2421244263
45561	1369418330
45562	3782896034
45563	1364825557
45564	1452298584
45565	2874962298
45566	2755697315
45567	1097427835
45568	3617706715
45569	1705351758
45570	2441387612
45571	3795366348
45572	1431463589
45573	2980023606
45574	1772460622
45575	1348707669
45576	1765440886
45577	951100063
45578	1449698714
45579	1481663397
45580	2732734641
45581	2656391273
45582	1085102166
45583	1319936226
45584	1369418073
45585	1001302618
45586	1319936226
45587	1369417562
45588	1001302361
45589	1319674594
45590	2874708561
45591	2946929982
45592	1718216284
45593	2308067648
45594	2813239420
45595	2547819923
45596	2656982934
45597	1737642329
45598	2783066289
45599	2656393368
45600	3536770963
45601	3739147444
45602	2861029334
45603	3560480661
45604	1364760744
45605	2224969048
45606	2741939550
45607	2648154578
45608	1348904346
45609	2190705822
45610	2547267743
45611	2656588645
45612	1502761296
45613	2677445500
45614	1705351246
45615	1398777432
45616	794517157
45617	2665859745
45618	962896792
45619	2454804829
45620	2487070041
45621	2270075551
45622	2740622238
45623	1785155999
45624	2709172122
45625	2553781151
45626	2678282128
45627	2469817445
45628	2711546060
45629	1362846883
45630	1671382348
45631	3771807903
45632	1364432597
45633	1469075794
45634	2678035322
45635	3583479954
45636	1348379735
45637	2053133150
45638	1319806434
45639	2609159766
45640	3100824270
45641	2646910115
45642	2560283704
45643	2308067673
45644	2740815006
45645	2980619374
45646	2561186382
45647	2476384667
45648	2932987106
45649	3588475093
45650	2510507680
45651	2828553880
45652	2426558084
45653	1469097053
45654	1920622682
45655	3030663317
45656	2828429675
45657	2964803274
45658	1983670635
45659	2657708662
45660	2648154578
45661	1365681562
45662	2190771358
45663	3537595753
45664	2588845734
45665	2656538514
45666	3432856479
