51458	1800108715
51459	630227976
51460	916320531
51461	4008874741
51462	3913835359
51463	1297452468
51464	2431149151
51465	1577725590
51466	2029101717
51467	1884733642
51468	3695024543
51469	1897395221
51470	90021645
51471	2341127506
51472	3642827391
51473	2229865495
51474	2756613271
51475	3567455742
51476	1495998779
51477	388734863
51478	2930319034
51479	764705509
51480	581518722
51481	1315876499
51482	634715761
51483	3750273180
51484	488314442
51485	1852813064
51486	1392269467
51487	2250557924
51488	3137017492
51489	3387815299
51490	1912493920
51491	844119351
51492	155524136
51493	3411931606
51494	4227699832
51495	1563266243
51496	298285438
51497	90449425
51498	901640802
51499	2028678232
51500	52361917
51501	712343592
51502	944529531
51503	3931956487
51504	4050408617
51505	1560435178
51506	3841600379
51507	1088082678
51508	2103988106
51509	1646285074
51510	247804949
51511	240509493
51512	3866668541
51513	2281111819
51514	849277294
51515	542992173
51516	906845185
51517	1343712739
51518	568168253
51519	2568849239
51520	763324287
51521	2624491012
51522	4237232211
51523	1970229005
51524	2481332148
51525	2657754499
51526	3783646373
51527	666845059
51528	3146938051
51529	264993555
51530	2406766431
51531	1820933401
51532	3946845168
51533	1911388371
51534	1825645016
51535	2767607718
51536	135756239
51537	4249660482
51538	3814314896
51539	1382293202
51540	3086104942
51541	3237540586
51542	2959901491
51543	1387427722
51544	2873114572
51545	2134196316
51546	790496935
51547	154032596
51548	255423626
51549	3676532861
51550	3898784641
51551	151623976
51552	3586742009
51553	2268660465
51554	984803491
51555	2856796888
51556	1250284201
51557	4132765773
51558	823101510
51559	1280886596
51560	2122718749
51561	3818533621
51562	1815855229
51563	2726917016
51564	3068421576
51565	1467055213
51566	2712771540
51567	1153897001
51568	3912168297
51569	2663910818
51570	2396936709
51571	2747307881
51572	2706788700
51573	2131170769
51574	983448091
51575	4218364390
51576	3255475631
51577	2383204404
51578	120470192
51579	447698061
51580	2469937386
51581	98911853
51582	398556875
51583	364767412
51584	4209056126
51585	2710402182
51586	4094396751
51587	142835460
51588	2713503122
51589	3551693179
51590	2711516517
51591	4064782927
51592	2909529501
51593	4043192294
51594	3721975566
51595	61670807
51596	2847762080
51597	2114050275
51598	586608770
51599	2560329281
51600	295656658
51601	4264304193
51602	350089589
51603	2056676842
51604	543421292
51605	1277512109
51606	2514107491
51607	1432737677
51608	766695663
51609	1144692708
51610	2101684198
51611	4018928114
51612	1182849954
51613	1584757764
51614	1653902741
51615	2776820794
51616	2694173726
51617	1555486756
51618	2035274906
51619	1779039990
51620	358274236
51621	1024018966
51622	3945665711
51623	3435406527
51624	1597941265
51625	1639599321
51626	1236297612
51627	1723603879
51628	1095584197
51629	291843525
51630	19057764
51631	2854056808
51632	3634292154
51633	2794871458
51634	2603628239
51635	2481835992
51636	3091760894
51637	1357238998
51638	727227578
51639	3823163344
51640	778271389
51641	2898261472
51642	1617311660
51643	2281472981
51644	4231922843
51645	214668429
51646	1709876667
51647	1876865342
51648	2500333030
51649	4063294731
51650	1773611128
51651	3506159659
51652	2490646031
51653	366150857
51654	521693806
51655	728590395
51656	1779549093
51657	2353216680
51658	466738394
51659	356363116
51660	2477834153
51661	3098019739
51662	166893728
51663	1955825021
51664	3655969544
51665	162564077
51666	3808471094
51667	2302351431
51668	3009476419
51669	4012407893
51670	3262977520
51671	4100411352
51672	867129187
51673	599926026
51674	4118640426
51675	2889098410
51676	1596281788
51677	3852582509
51678	3127180142
51679	784988155
51680	3094522453
51681	3864355661
51682	503097990
51683	1893838719
51684	451639771
51685	2295668110
51686	2679522908
51687	27265792
51688	548963533
51689	1582207236
51690	3512257299
51691	1766158088
51692	1821149180
51693	2397215210
51694	3082712240
51695	172763391
51696	677534961
51697	1705669443
51698	3651380841
51699	764056647
51700	1928767055
51701	2813898302
51702	4090166523
51703	2674738159
51704	486417806
51705	3907461343
51706	2932932430
51707	1760591741
51708	2155589149
51709	2504145559
51710	4133660627
51711	75395499
51712	3492112997
51713	3513256481
51714	1528543340
51715	2565853411
51716	3547683379
51717	890119377
51718	2678199637
51719	35303485
51720	3277911735
51721	273781444
51722	2412634070
51723	298882447
51724	941232291
51725	3123550636
51726	3771321870
51727	3433174927
51728	1182369693
51729	2860822601
51730	532916963
51731	3189058603
51732	1132471735
51733	3224166368
51734	1758483559
51735	1089278521
51736	660031402
51737	1454018873
51738	238159178
51739	348449592
51740	3885418736
51741	2969877841
51742	3237688190
51743	1352935764
51744	3499197010
51745	765107183
51746	3847648202
51747	797408683
51748	1244150328
51749	812526514
51750	389889328
51751	153531964
51752	2989368178
51753	2583111227
51754	692989237
51755	1821118254
51756	927648602
51757	505089075
51758	3035511789
51759	2026151170
51760	2169070837
51761	3270589167
51762	257006544
51763	1844677654
51764	1152268659
51765	2866659455
51766	308761322
51767	874088632
51768	138917737
51769	1445840027
51770	2539451963
51771	3409418074
51772	4147564111
51773	2924223979
51774	1166138660
51775	1528035066
51776	150495050
51777	1404991706
51778	1673999583
51779	361275323
51780	4035601215
51781	2038406071
51782	64862376
51783	293411860
51784	1425153387
51785	3893832875
51786	4063492481
51787	4177140526
51788	2141276713
51789	1294129814
51790	512144878
51791	1085796387
51792	686537302
51793	953062019
51794	1413641409
51795	4117623499
51796	715363704
51797	1008240175
51798	591709182
51799	503875015
51800	1682949094
51801	2903861727
51802	3259561218
51803	1054463842
51804	2219761283
