17607	2135069823
17608	913544399
17609	2342383658
17610	2866128037
17611	311547671
17612	2030835987
17613	2844974642
17614	21153395
17615	347001128
17616	4259513839
17617	3216561243
17618	3109242040
17619	2149934178
17620	695040464
17621	2238372346
17622	2077748345
17623	1622662677
17624	3019305747
17625	2497840537
17626	1761673302
17627	3668479913
17628	3843048626
17629	1463980928
17630	1645261112
17631	3431866276
17632	3013035198
17633	2330215529
17634	2659792231
17635	925140446
17636	1313231900
17637	678283901
17638	1399464444
17639	2578755953
17640	3338874020
17641	155524136
17642	2863781611
17643	1627248266
17644	870592271
17645	2416833351
17646	3639807247
17647	361365322
17648	3307114591
17649	1301157844
17650	2541890782
17651	1909173543
17652	3849774681
17653	3882506142
17654	2057722266
17655	2578696514
17656	853169762
17657	898665735
17658	2114369463
17659	286946599
17660	2043268930
17661	3697434491
17662	3257325036
17663	1120693965
17664	4099413777
17665	3561187597
17666	2047011599
17667	1601480451
17668	3371770746
17669	3476719583
17670	2217712157
17671	3356581031
17672	3517142218
17673	3789732479
17674	3844108837
17675	3783646373
17676	666845059
17677	3146938051
17678	4011810856
17679	1200919826
17680	426328440
17681	2728091049
17682	2437468518
17683	4210498810
17684	2501301837
17685	2245216706
17686	1394590541
17687	3406802491
17688	1249530127
17689	2301921370
17690	1005193221
17691	2862941015
17692	2733184125
17693	3332252045
17694	3504606033
17695	278580465
17696	1630593078
17697	2893963841
17698	955810840
17699	1064851203
17700	2817654939
17701	3633381067
17702	2719308495
17703	2541496458
17704	37200056
17705	4285029302
17706	863107756
17707	4109714875
17708	1083918156
17709	1838213107
17710	276156356
17711	2482564493
17712	2099349402
17713	1693436038
17714	349832892
17715	2291914292
17716	1405520199
17717	4244079297
17718	3308213035
17719	1776082402
17720	3639578859
17721	877384176
17722	3222029601
17723	2794330350
17724	766857247
17725	2217942164
17726	4124036731
17727	349832892
17728	1251647559
17729	74892029
17730	3296878717
17731	2758841351
17732	717878232
17733	3685335085
17734	2827344368
17735	436404559
17736	2920176472
17737	646537956
17738	2870604262
17739	444472127
17740	3345260352
17741	3708099107
17742	136009730
17743	3721975566
17744	61670807
17745	2847762080
17746	2114050275
17747	586608770
17748	2560329281
17749	295656658
17750	3716154198
17751	157575358
17752	1043344468
17753	728606423
17754	3992689313
17755	2065605161
17756	662485888
17757	359406822
17758	2078061696
17759	3883236191
17760	327262619
17761	2694064280
17762	4102204853
17763	840904849
17764	1404311857
17765	1968131407
17766	3721426430
17767	3076073362
17768	330729129
17769	4146736672
17770	1397760751
17771	2007631796
17772	294289574
17773	2320456813
17774	2979703704
17775	1242730024
17776	1620210991
17777	2706211105
17778	26973020
17779	3535399083
17780	4091820258
17781	3734526815
17782	4065046514
17783	1596884372
17784	2976663389
17785	3478460395
17786	2447099979
17787	2277976835
17788	615987006
17789	1659258736
17790	3591519400
17791	940716020
17792	124135183
17793	1076767826
17794	1740887113
17795	974749490
17796	2658631577
17797	2382618038
17798	336690457
17799	2773543973
17800	4062919781
17801	3980204287
17802	351963065
17803	1835166085
17804	2449863217
17805	1405221439
17806	3752853613
17807	1821770684
17808	2287944191
17809	3977889656
17810	1400995796
17811	1528789557
17812	309423550
17813	972350945
17814	3598772707
17815	1421681508
17816	1060882985
17817	4185797702
17818	2208518996
17819	3008374840
17820	2980028494
17821	1072756432
17822	3572043756
17823	374758148
17824	1917156144
17825	1273140663
17826	132379536
17827	1366381899
17828	2877697398
17829	2732767212
17830	575445823
17831	2030739714
17832	4040309984
17833	3234259863
17834	405318996
17835	1241923689
17836	3930427783
17837	2462207257
17838	759822344
17839	1148543061
17840	1645787289
17841	2653491526
17842	2408333017
17843	597007253
17844	1620934911
17845	307931721
17846	3816105010
17847	1072756432
17848	3572043756
17849	966059616
17850	285587943
17851	317653103
17852	4052206222
17853	3445306143
17854	4146539870
17855	532653795
17856	2226187556
17857	787983177
17858	4224862351
17859	970725531
17860	2714609554
17861	1701251907
17862	1126092461
17863	2047018777
17864	2684353078
17865	3971504419
17866	3243639349
17867	3172887527
17868	1768617725
17869	942549368
17870	1928054894
17871	1673101203
17872	3066338220
17873	654731502
17874	2690528850
17875	1629300520
17876	2078798587
17877	288956583
17878	4142020443
17879	532916963
17880	3189058603
17881	1132471735
17882	3224166368
17883	1758483559
17884	1089278521
17885	660031402
17886	1454018873
17887	238159178
17888	348449592
17889	3885418736
17890	2969877841
17891	3237688190
17892	1352935764
17893	3499197010
17894	765107183
17895	3847648202
17896	797408683
17897	1244150328
17898	812526514
17899	389889328
17900	153531964
17901	2989368178
17902	2583111227
17903	692989237
17904	1821118254
17905	927648602
17906	505089075
17907	3035511789
17908	2026151170
17909	2169070837
17910	3270589167
17911	257006544
17912	1844677654
17913	1152268659
17914	2866659455
17915	308761322
17916	874088632
17917	138917737
17918	1445840027
17919	2539451963
17920	3409418074
17921	4147564111
17922	2924223979
17923	1166138660
17924	1528035066
17925	150495050
17926	1404991706
17927	1673999583
17928	361275323
17929	4035601215
17930	2038406071
17931	64862376
17932	293411860
17933	1425153387
17934	3893832875
17935	4063492481
17936	4177140526
17937	2141276713
17938	1294129814
17939	512144878
17940	1085796387
17941	686537302
17942	953062019
17943	1413641409
17944	4117623499
17945	715363704
17946	1008240175
17947	591709182
17948	503875015
17949	1682949094
17950	2903861727
17951	3259561218
17952	1054463842
17953	2219761283
17954	634295525
17955	4003681127
17956	3925578323
17957	876546156
17958	1918325302
17959	2509546355
17960	94081884
17961	3367692468
17962	3409110820
17963	2556122528
17964	535638366
17965	3656162437
17966	1996043857
17967	2740283634
17968	2281911240
17969	3270450815
17970	552712529
17971	3465970765
17972	1607267920
17973	3108085741
17974	4085143027
17975	1396612905
17976	220698755
17977	3170567513
17978	3405872764
17979	1445911726
17980	2817276219
17981	926820654
17982	814066459
17983	373127836
17984	601621654
17985	669265731
17986	1989365846
17987	1201496163
17988	1181121875
17989	2792780452
17990	1838877301
17991	586657518
17992	2186886455
17993	2201702488
17994	1861217293
17995	3070641059
17996	909563228
17997	1083869704
17998	3563060657
17999	3090570360
18000	3039563021
18001	2504994792
18002	4239835721
18003	2315781959
18004	3384406776
18005	3929419913
18006	4118400996
18007	4059803062
18008	2056934918
18009	110880772
18010	2177063419
18011	3018471745
18012	959417911
18013	638388142
18014	762607654
18015	3375657455
18016	2448099398
18017	2387233145
18018	2217157701
18019	2805227592
18020	2462090649
18021	1162175274
18022	2436597433
18023	1135156536
18024	286524972
18025	2320934320
18026	3034915961
18027	350480658
18028	3835317044
18029	1114095931
18030	1094423065
18031	2300265767
18032	708109073
18033	1501202517
18034	1478825977
18035	2910744413
18036	2456979315
18037	910713153
18038	2661330603
18039	1916372048
18040	2753353396
18041	3090044734
18042	3122078706
18043	424032439
18044	849108224
18045	128892935
18046	3486601
18047	411081557
18048	955300342
18049	922495605
18050	1955201793
18051	707669058
18052	2025098154
18053	757435959
18054	4112977160
18055	888159302
18056	1142580412
18057	2990731927
18058	1049578057
18059	2476823648
18060	757436215
18061	2624777
18062	402694219
18063	1165441457
18064	76482232
18065	2852541947
18066	1077885836
18067	1015683141
18068	1446524116
18069	2365437131
18070	2689352509
18071	102858654
18072	1045684407
18073	4024105796
18074	1916648789
18075	2699548605
18076	4248910217
18077	948786685
18078	1459546332
18079	3943187355
18080	948787194
18081	1130649456
18082	490285455
18083	169741579
18084	138190142
18085	2371354675
18086	1444750335
18087	2910744413
18088	2456979315
18089	910713153
18090	2661330603
18091	747649145
18092	218410471
18093	2337711543
18094	2242843696
18095	2772244800
18096	1840375599
18097	1060932954
18098	2991273268
18099	1124067812
18100	2321238331
18101	3319483829
18102	827056041
18103	104506602
18104	428147193
18105	3737564914
18106	2783589938
18107	956288845
18108	4126661628
18109	150290659
18110	4074571692
18111	4070591554
18112	1195101273
18113	4157508941
18114	2852067909
18115	387536289
18116	1313715618
18117	4248910729
18118	1172149028
18119	4041720306
18120	2300265767
18121	2680397649
18122	3955429
18123	4191947951
18124	4074523764
18125	373696388
18126	2869942961
18127	2852197958
18128	320689569
18129	718736374
18130	1049881351
18131	943991436
18132	4293525228
18133	1062366831
18134	865688063
18135	84603397
18136	1588497806
18137	1956468313
18138	1109869907
18139	2895753386
18140	2053945412
18141	3896182240
18142	3089313906
18143	830860832
18144	798439688
18145	814065948
18146	1264732639
18147	4176143580
18148	407780299
18149	3315357362
18150	826663081
18151	104768746
18152	428148217
18153	3754473202
18154	3729552697
18155	1077641403
18156	54830332
18157	1082792005
18158	2141374363
18159	3703181102
18160	2350269753
18161	1140204952
18162	4244040865
18163	504800171
18164	155231231
18165	2321238071
18166	3427748098
18167	3774689266
18168	758437208
18169	3790662593
18170	852754295
18171	32293586
18172	3853125150
18173	1028091177
18174	1941786664
18175	116519899
18176	3121168291
18177	2716540949
18178	2931362111
18179	1094158618
18180	2405038392
18181	2370720691
18182	2689353788
18183	2320976955
18184	1526671247
18185	4026283932
18186	1066092047
18187	99657967
18188	1144492361
18189	2980951111
18190	2126542699
18191	3589729792
18192	1095126832
18193	3539610168
18194	908889092
18195	4180206796
18196	3104128678
18197	3460376902
18198	3417701621
18199	462178296
18200	230810941
18201	967985977
18202	853132277
18203	4074392943
18204	1148222955
18205	2833508391
18206	1966547980
18207	3401512885
18208	3928966200
18209	1452767089
18210	573384081
18211	1426467084
18212	742603753
18213	2226494903
18214	1044094264
18215	3895655137
18216	656318703
18217	1498265653
18218	346412001
18219	4013836140
18220	1433399815
18221	950416952
18222	1916242503
18223	2233008950
18224	2370719668
18225	2868789567
18226	2300266361
18227	3384385056
18228	1049499977
18229	1442394779
18230	3445248
18231	121874685
18232	2417577278
18233	4248279639
18234	3456105731
18235	3053273400
18236	1094290711
18237	3717605365
18238	3501585910
18239	1015700291
18240	150438369
18241	2970736564
18242	2852265798
18243	320558753
18244	4124903593
18245	1034419520
18246	370572186
18247	635241884
18248	1038757699
18249	862299914
18250	3793942705
18251	327273301
18252	3708327914
18253	3861857342
18254	2471516025
18255	2640340027
18256	1719489645
18257	1987224938
18258	2601154218
18259	4222939448
18260	1497181235
18261	2283428217
18262	1610404658
18263	2180459852
18264	1883032629
18265	419883836
18266	3757256690
18267	3629645109
18268	2806598900
18269	133255063
18270	1160874751
18271	3789474489
18272	1017637685
18273	2231565608
18274	3149198075
18275	1966715477
18276	3014789121
18277	4248909964
18278	999119351
18279	183861282
18280	1229780127
18281	1335495903
18282	2782127596
18283	2689354044
18284	2320976956
18285	4176076034
18286	1127131437
18287	739041792
18288	4147634686
18289	1160217880
18290	3638624431
18291	844948137
18292	838000957
18293	3579211494
18294	3619617529
18295	3497342481
18296	4057186033
18297	4255140939
18298	1094290199
18299	2350400807
18300	4164327772
18301	3725177022
18302	1204085799
18303	1287140949
18304	2716540178
18305	2830829116
18306	1094749207
18307	2606105129
18308	2565408323
18309	959025719
18310	959299583
18311	138190654
18312	2371355701
18313	1478304767
18314	2910744413
18315	2456979315
18316	910713153
18317	2661330603
18318	747780217
18319	218410985
18320	2337711543
18321	2242909488
18322	2587696174
18323	1840441903
18324	1815720534
18325	2985640962
18326	3305370191
18327	3090568524
18328	3944682406
18329	3759668639
18330	2817209897
18331	184297686
18332	3086153129
18333	1966715477
18334	2880964348
18335	1094749207
18336	2371221558
18337	3050102281
18338	2852132935
18339	3090568780
18340	17516961
18341	3119774384
18342	965368643
18343	311664873
18344	1084948032
18345	407649933
18346	4108016118
18347	937295910
18348	2233271603
18349	200884185
18350	3204988579
18351	99766173
18352	1346145553
18353	1452845208
18354	1364431011
18355	1856853334
18356	3364934616
18357	2884064140
18358	2224969615
18359	2949878848
18360	1718216284
18361	2224969535
18362	2671619415
18363	2588846757
18364	2375386270
18365	3015678085
