91085	4054757525
91086	2003293036
91087	4237596447
91088	2060663885
91089	4101612352
91090	135984095
91091	482938295
91092	1577725590
91093	3792471777
91094	309140575
91095	2380879449
91096	2050071942
91097	2436778085
91098	2341127506
91099	3642827391
91100	2229865495
91101	1639993354
91102	2152478423
91103	1123003058
91104	3481104813
91105	2288551590
91106	92327859
91107	3653910591
91108	2691128647
91109	3707772338
91110	3023973043
91111	488314442
91112	1852813064
91113	1392269467
91114	2250557924
91115	3137017492
91116	3387815299
91117	1912493920
91118	4022466730
91119	4081409244
91120	2366036475
91121	1875518350
91122	3542452004
91123	2688238766
91124	792866047
91125	3981709914
91126	2601808972
91127	1310507823
91128	3076787332
91129	455735702
91130	3198174889
91131	3935845367
91132	3050250576
91133	1796325001
91134	1911447337
91135	1377687969
91136	1646285074
91137	247804949
91138	240509493
91139	3866668541
91140	2281111819
91141	849277294
91142	542992173
91143	906845185
91144	1343712739
91145	568168253
91146	2568849239
91147	763324287
91148	2624491012
91149	4237232211
91150	1970229005
91151	2481332148
91152	1541134582
91153	1773772277
91154	2307636967
91155	766827154
91156	1599209321
91157	160488694
91158	1715029656
91159	360517557
91160	3181934447
91161	2224324656
91162	463914110
91163	1885903679
91164	3201929664
91165	689821467
91166	3291888447
91167	3556946791
91168	3339829477
91169	571635574
91170	738872249
91171	1691814558
91172	1384972774
91173	220804423
91174	234931279
91175	196643774
91176	3001531115
91177	2819493589
91178	1116351778
91179	3388008925
91180	3957208947
91181	3606253958
91182	2485038339
91183	65244339
91184	1846202998
91185	3886631845
91186	1786023420
91187	2122718749
91188	3818533621
91189	1815855229
91190	2726917016
91191	3068421576
91192	1467055213
91193	2712771540
91194	1153897001
91195	3912168297
91196	2663910818
91197	2396936709
91198	2747307881
91199	2706788700
91200	2131170769
91201	983448091
91202	4218364390
91203	3255475631
91204	2383204404
91205	120470192
91206	447698061
91207	2469937386
91208	98911853
91209	398556875
91210	364767412
91211	4209056126
91212	2710402182
91213	4094396751
91214	142835460
91215	2713503122
91216	3551693179
91217	2711516517
91218	4064782927
91219	2909529501
91220	2926572377
91221	1407770309
91222	366001968
91223	398695079
91224	1908941888
91225	1440687418
91226	3621107032
91227	3511526259
91228	2382650358
91229	1997938464
91230	2457517526
91231	3589962911
91232	2420034041
91233	3483728591
91234	1171756262
91235	3861271898
91236	3615629845
91237	2695068339
91238	3824223613
91239	1065698556
91240	3693182850
91241	784416754
91242	1101486925
91243	3376336121
91244	4120560839
91245	2020281909
91246	2964506854
91247	1292056002
91248	1999832445
91249	726828349
91250	2830118442
91251	2460829999
91252	878999478
91253	2973749532
91254	1892853338
91255	3582764703
91256	1451074842
91257	477016083
91258	1214798475
91259	2170606264
91260	3509333806
91261	2143144356
91262	2372627363
91263	2508014297
91264	2021884278
91265	808898624
91266	3682712446
91267	2419478917
91268	582052198
91269	2730134313
91270	89359276
91271	2421744950
91272	2989574124
91273	2295220849
91274	1092788076
91275	3960891420
91276	4291284823
91277	2699365877
91278	906888081
91279	2712140767
91280	4067864868
91281	798542647
91282	3561668988
91283	3216948718
91284	2924221576
91285	3320691013
91286	565940832
91287	1866472280
91288	4214518436
91289	166893728
91290	1955825021
91291	3655969544
91292	162564077
91293	3808471094
91294	2302351431
91295	3009476419
91296	4012407893
91297	3262977520
91298	4100411352
91299	867129187
91300	599926026
91301	4118640426
91302	2889098410
91303	1596281788
91304	3852582509
91305	3127180142
91306	784988155
91307	3094522453
91308	3864355661
91309	503097990
91310	1893838719
91311	451639771
91312	2295668110
91313	2679522908
91314	27265792
91315	548963533
91316	1582207236
91317	3512257299
91318	1766158088
91319	1821149180
91320	2397215210
91321	3082712240
91322	172763391
91323	677534961
91324	1705669443
91325	3651380841
91326	764056647
91327	1928767055
91328	2813898302
91329	4090166523
91330	2674738159
91331	486417806
91332	3907461343
91333	2932932430
91334	1760591741
91335	2155589149
91336	2504145559
91337	4133660627
91338	75395499
91339	3492112997
91340	3513256481
91341	1528543340
91342	2565853411
91343	3547683379
91344	890119377
91345	2678199637
91346	35303485
91347	3277911735
91348	273781444
91349	2412634070
91350	298882447
91351	941232291
91352	3123550636
91353	3771321870
91354	3433174927
91355	1182369693
91356	1744202684
91357	1105425430
91358	302344879
91359	288431392
91360	77570576
91361	2466652845
91362	2227009530
91363	2393970225
91364	3809938959
91365	1166055020
91366	274632398
91367	3309706298
91368	311400734
91369	2070164797
91370	1441361462
91371	3380895578
91372	3296722076
91373	2558094741
91374	3734811019
91375	4031914050
91376	2720570772
91377	145935871
91378	3444027040
91379	2875927459
91380	3839073878
91381	1324140840
91382	2159587751
91383	1937302117
91384	3529421441
91385	1209048054
91386	2652223844
91387	2719097141
91388	896532704
91389	972378651
91390	1722689688
91391	304135632
91392	3520087981
91393	1587831333
91394	3772834519
91395	744523421
91396	2948659429
91397	1934678754
91398	3144705296
91399	3358530315
91400	2037923906
91401	2571686192
91402	804649929
91403	1282603250
91404	2837957589
91405	828764611
91406	1191517298
91407	3836721837
91408	3422752313
91409	1488735763
91410	4098287535
91411	2775166439
91412	3519633302
91413	2375703698
91414	2646091947
91415	2972379280
91416	4152706458
91417	1513767577
91418	947062422
91419	789563852
91420	89435626
91421	670723129
91422	2303026403
91423	1273060173
91424	619793165
91425	1188640650
91426	2394124053
91427	2184304439
91428	3561737699
91429	2994647632
91430	1777335747
91431	519320344
91432	695478131
91433	3268078830
91434	3197494730
91435	456248060
91436	3053085746
91437	3900577779
91438	2537533873
91439	696188386
91440	1676438977
91441	2531756820
91442	4271224773
91443	946223636
91444	1075660642
91445	2814600688
91446	2289265232
91447	196585130
91448	3486127316
91449	1632619730
91450	786859187
91451	1288994385
91452	3588025109
91453	1618320804
91454	1111813509
91455	3525678830
91456	858647742
91457	497342774
91458	1924402176
91459	495746741
91460	2493827383
91461	2932312170
91462	3657875975
91463	3698284319
91464	1689471053
91465	3980725845
91466	4275132871
91467	1764498813
91468	2526786010
91469	1989866433
91470	709499444
91471	2925363569
91472	2276491808
91473	1369671875
91474	1342468892
91475	4068075543
91476	4294756621
91477	345141858
91478	453400789
91479	1131779388
91480	2429889600
91481	416484412
91482	2800464306
91483	2561767837
91484	362453739
91485	3898320885
91486	3717337424
91487	1202597490
91488	3658310638
91489	2737623945
91490	3423815631
91491	3452054825
91492	762463611
91493	3877663444
91494	584197580
91495	809981027
91496	1145843994
91497	3823746606
91498	4127190234
91499	1533458756
91500	2924072617
91501	918764034
91502	2889707060
91503	932011783
91504	1370339648
91505	3502039831
91506	3802403884
91507	2568129622
91508	1444278271
91509	3108085998
91510	154891522
91511	659832477
91512	3440578875
91513	1199374998
91514	3962721485
91515	1017652418
91516	3877240904
91517	4187576041
91518	4226031681
91519	4143299409
91520	3040766297
91521	636749101
91522	959532687
91523	4117425364
91524	4030124441
91525	2367829882
91526	759350260
91527	590458630
91528	194529525
91529	863803771
91530	2230718682
91531	1120266811
91532	2744088850
91533	3377429805
91534	1420635481
91535	3499330384
91536	2689475631
91537	2862099733
91538	1884507334
91539	820987763
91540	1474680347
91541	1646498782
91542	1033024126
91543	2264999120
91544	2057233968
91545	1001324893
91546	3842605936
91547	1495168156
91548	87039080
91549	2478586690
91550	1033670609
91551	3656987515
91552	2404137869
91553	2280534880
91554	3835581596
91555	1424004276
91556	973210934
91557	2111367511
91558	971344729
91559	3104908155
91560	1362822532
91561	2366832688
91562	2605669569
91563	3508545133
91564	2492091606
91565	409496325
91566	3241884516
91567	90199213
91568	673857434
91569	3351032172
91570	2872702179
91571	383156455
91572	2430741847
91573	2296516870
91574	1793649653
91575	573569362
91576	2101168797
91577	2517305498
91578	2264079604
91579	4275016156
91580	3927412483
91581	2705319099
91582	227613331
91583	2231562491
91584	3823996546
91585	1165963872
91586	989625277
91587	1497511779
91588	1006633780
91589	2268011174
91590	1865649453
91591	1012885019
91592	3357477776
91593	3950729980
91594	3836350313
91595	4161504881
91596	3646718896
91597	3732636178
91598	2090874458
91599	2740549366
91600	4120271341
91601	1297488416
91602	2250194963
91603	2942592483
91604	2242494190
91605	2928542683
91606	4044624250
91607	1354883187
91608	2975387594
91609	1820522692
91610	1457389043
91611	845296763
91612	3723451977
91613	2175990046
91614	236644024
91615	2412314496
91616	2181535247
91617	2304821501
91618	2931378086
91619	268452464
91620	2855098172
91621	3551465758
91622	219856112
91623	339865434
91624	3093309493
91625	1312733449
91626	4164603540
91627	3443220683
91628	2595949297
91629	4153367030
91630	1247025696
91631	3095040132
91632	1502272043
91633	3635113315
91634	948285373
91635	2611908097
91636	1760629775
91637	3377514976
91638	3384105165
91639	3312227582
91640	3209749244
91641	2134139446
91642	259830779
91643	3018481416
91644	791457543
91645	2985445522
91646	2475576794
91647	3321664836
91648	1247934858
91649	2153230896
91650	1156475402
91651	3728887312
91652	877480718
91653	4136656110
91654	2228475983
91655	4219034364
91656	1517294394
91657	3645739975
91658	4030122899
91659	347384554
91660	2949337522
91661	70551553
91662	2487543188
91663	2284827519
91664	1449983500
91665	841052041
91666	3190862009
91667	3973902327
91668	3041635741
91669	3433978958
91670	1006924209
91671	1849519697
91672	1594507343
91673	3108546288
91674	4062348467
91675	3908373270
91676	4225667904
91677	1559246537
91678	4059861599
91679	1482403767
91680	677183984
91681	1420373335
91682	516928782
91683	4195228347
91684	3629160390
91685	1591454803
91686	3912560547
91687	3293020421
91688	3654170719
91689	3750803965
91690	3263260472
91691	2538663339
91692	2652836661
91693	1345790317
91694	3921555630
91695	4293713133
91696	1723943851
91697	1238543962
91698	3360558966
91699	1080965492
91700	2439122489
91701	2964931489
91702	2917867140
91703	4062283958
91704	4005517857
91705	3415313227
91706	1624177490
91707	3108152561
91708	4135474164
91709	1497210658
91710	437468096
91711	2164954641
91712	979750655
91713	2837693548
91714	520836767
91715	2471950654
91716	3860940548
91717	4122892318
91718	2743761170
91719	931595253
91720	4168021972
91721	4131377304
91722	1446193242
91723	2164252700
91724	673704889
91725	2385475693
91726	2738256214
91727	4274260259
91728	1212224335
91729	3937413140
91730	4194275993
91731	2305891335
91732	1116860978
91733	3765026789
91734	2018676270
91735	722120768
91736	3376166767
91737	739308907
91738	2035857532
91739	3002180986
91740	517452316
91741	2404246228
91742	4266424766
91743	1649716515
91744	996375432
91745	3242820666
91746	4024525910
91747	3499460435
91748	653246023
91749	390605379
91750	1123162198
91751	3737774139
91752	1504255579
91753	1378950649
91754	3705580499
91755	3744291258
91756	640111664
91757	3613164720
91758	1352525705
91759	2528120821
91760	4069872878
91761	2822892603
91762	2745134866
91763	500399122
91764	119394043
91765	3596638179
91766	1886969767
91767	2871028014
91768	3818063335
91769	1748133117
91770	436171322
91771	1513480617
91772	2048257082
91773	942061657
91774	2052585975
91775	3664030434
91776	2408272609
91777	1015348720
91778	3798938920
91779	1195818444
91780	3794626983
91781	986285163
91782	2281793667
91783	3318266598
91784	4174195428
91785	4083926607
91786	667288749
91787	2697279808
91788	355805938
91789	847969070
91790	3052608709
91791	4112876467
91792	2719624702
91793	2370556737
91794	2620598945
91795	3493158858
91796	2478247415
91797	2241759202
91798	289997618
91799	1701219620
91800	2570005153
91801	1226048308
91802	4015142624
91803	3205375031
91804	2165252907
91805	1423690813
91806	1390909875
91807	1258696052
91808	1030569180
91809	2636321589
91810	1855230837
91811	3856941038
91812	3924153574
91813	1502667563
91814	129952167
91815	4264365876
91816	817460607
91817	88972804
91818	1200021581
91819	532658154
91820	3055366955
91821	1182413751
91822	435907053
91823	2263141012
91824	3143639793
91825	1983274021
91826	1542404809
91827	4228200033
91828	925415005
91829	2692197695
91830	2100112375
91831	3636846249
91832	2582523223
91833	3476393866
91834	1314320171
91835	4241588624
91836	2547206055
91837	928593442
91838	2003718728
91839	4042707785
91840	3910135486
91841	760858658
91842	2937425661
91843	2940325681
91844	3044112668
91845	3971825960
91846	8899885
91847	4131612076
91848	143520795
91849	150354706
91850	1614144107
91851	2074035686
91852	452750324
91853	1137324608
91854	852541825
91855	3040596994
91856	1963869746
91857	2135880447
91858	789483122
91859	725979890
91860	1550511918
91861	2362998351
91862	3301640820
91863	2467360292
91864	3170075896
91865	3901074690
91866	167000853
91867	1057702926
91868	3237053695
91869	3919363597
91870	720745557
91871	3945082425
91872	803285660
91873	4288241137
91874	1138505547
91875	3184229094
91876	3540627802
91877	2179784421
91878	2531667287
91879	69805911
91880	2730658395
91881	946294820
91882	1615473017
91883	4121031108
91884	536389927
91885	1562637629
91886	2335683256
91887	1502341163
91888	2214996261
91889	3979669743
91890	1517895043
91891	2238781365
91892	1419529273
91893	3360193072
91894	3672398169
91895	2441759203
91896	982056428
91897	2132575315
91898	1319479510
91899	1303916121
91900	3753514786
91901	2434352443
91902	1443311001
91903	4182240648
91904	696924228
91905	4042581492
91906	1062366831
91907	2572548849
91908	2868262441
91909	2374989458
91910	1448757148
91911	1163150949
91912	2964039285
91913	3091557786
91914	2736868266
91915	640644400
91916	2283428217
91917	1049886292
91918	4163845038
91919	3493611330
91920	3691063026
91921	3729962249
91922	1497016830
91923	603306037
91924	767033611
91925	3737762034
91926	4059245093
91927	886398008
91928	2916005876
91929	2417575801
91930	150553821
91931	2887112375
91932	2852133192
91933	3090568781
91934	17517217
91935	3171019432
91936	1278839386
91937	538153888
91938	121678589
91939	2992058187
91940	448520688
91941	4282464142
91942	1211878152
91943	2706352845
91944	1256368640
91945	1051388981
91946	4261230733
91947	4227328417
91948	3944879783
91949	3121167779
91950	1066408262
91951	1139878809
91952	3086152872
91953	1966715477
91954	2176583932
91955	3729028409
91956	3606705184
91957	3928684599
91958	1003031798
91959	4237119055
91960	1017380928
91961	1335298279
91962	2782127085
91963	2902409536
91964	1127714905
91965	1240501581
91966	1127328301
91967	889905664
91968	4164411892
91969	892654939
91970	3992770987
91971	567440693
91972	3922056128
91973	4246883268
91974	911887799
91975	1280431778
91976	950286904
91977	279266117
91978	841000694
91979	1279671433
91980	1464417417
91981	122108033
91982	3255321772
91983	2716542236
91984	2999060541
91985	1094554137
91986	2404776247
91987	1459696016
91988	1229779615
91989	1531329673
91990	1330770060
91991	3943185558
91992	2236289072
91993	2795830092
91994	2320124967
91995	1215068789
91996	259611558
91997	2737394157
91998	3204071921
91999	976827633
92000	56196493
92001	4194035877
92002	2365930539
92003	3535056900
92004	2817144364
92005	1171522357
92006	4124769832
92007	958765130
92008	2883840806
92009	2699565644
92010	3090569808
92011	3555127775
92012	826878601
92013	1725368306
92014	753218384
92015	2449041031
92016	2879596874
92017	817822279
92018	2839165236
92019	2316657796
92020	87480073
92021	1186243400
92022	1094291480
92023	1199144451
92024	2636437145
92025	423967927
92026	1000036349
92027	2449720313
92028	2818457917
92029	1195282005
92030	916085506
92031	4172020546
92032	1094291479
92033	2417510439
92034	687397716
92035	4126596608
92036	1531193220
92037	3629447919
92038	3032352065
92039	4265687183
92040	2634949682
92041	3554602464
92042	4248909965
92043	1049449978
92044	1442641628
92045	3321494256
92046	1382969365
92047	3691508022
92048	3845343790
92049	1488794468
92050	2896372041
92051	2056800335
92052	2912024395
92053	1295551049
92054	2055481123
92055	1017590879
92056	1855111300
92057	1799701858
92058	2878421893
92059	1357815848
92060	1072925999
92061	2779876181
92062	3811607985
92063	363151378
92064	1430498275
92065	1815720534
92066	3052816124
92067	3305567311
92068	3090568782
92069	3642034856
92070	3170237938
92071	2416327449
92072	4142719451
92073	3171303847
92074	1103712309
92075	2765997047
92076	1161415436
92077	1475932188
92078	1229386911
92079	407452297
92080	4115128330
92081	3708071869
92082	2818457918
92083	424427466
92084	3399569080
92085	777534377
92086	388429495
92087	1009694720
92088	4274897853
92089	4288695363
92090	1503783712
92091	2432877052
92092	2868724024
92093	1161727321
92094	1106283853
92095	1127000877
92096	738648576
92097	4181188865
92098	1126663450
92099	369636311
92100	2987841465
92101	2852397387
92102	1098332593
92103	3871804991
92104	4259512618
92105	907135289
92106	3254369592
92107	1279540617
92108	2367178279
92109	1160217882
92110	2572418296
92111	3082619708
92112	3303222046
92113	3090570318
92114	3944946344
92115	3188081064
92116	932190277
92117	1443310488
92118	4149145224
92119	2318943277
92120	4226218982
92121	1382969365
92122	1559623118
92123	4130548639
92124	2406912847
92125	1514642783
92126	1413899900
92127	2879813233
92128	1164811017
92129	558214818
92130	796668369
92131	442071689
92132	2533315905
92133	809217838
92134	1011304854
92135	52884184
92136	1404504859
92137	1000996386
92138	4139267673
92139	3088522073
92140	634929904
92141	4104961541
92142	2365995801
92143	199947231
92144	36696793
92145	3792369988
92146	2914911804
92147	1094487320
92148	1087047927
92149	1303824861
92150	1000996640
92151	4139267675
92152	3087077707
92153	3283879143
92154	1279540617
92155	3945141395
92156	3204924073
92157	1083119684
92158	2468346074
92159	3354605532
92160	1160217876
92161	3622439345
92162	1012393385
92163	3691950844
92164	3696325945
92165	1955201536
92166	3652499209
92167	2851946815
92168	1312656725
92169	2723591883
92170	719628800
92171	1035473685
92172	1560475612
92173	3154527401
92174	998839629
92175	1443506840
92176	4098486152
92177	2320124983
92178	774915149
92179	692136841
92180	810135202
92181	1062366831
92182	2572746484
92183	2868263211
92184	2374989458
92185	1448757148
92186	1163150949
92187	2964039285
92188	3091557786
92189	2736869806
92190	640645170
92191	2283428217
92192	1100676948
92193	4080029113
92194	3527165765
92195	3741525746
92196	3763190794
92197	1513925121
92198	620214325
92199	800588044
92200	3754210031
92201	2850764338
92202	167717078
92203	3119709362
92204	1966715477
92205	3031501062
92206	4248911756
92207	931812862
92208	1543763932
92209	3188147625
92210	133517211
92211	911495095
92212	336439763
92213	121874923
92214	2031355973
92215	3134857421
92216	2316585277
92217	20486740
92218	3708400572
92219	3746720825
92220	1425727189
92221	3103998633
92222	1032657477
92223	3406362950
92224	3117080329
92225	2852397387
92226	1366636977
92227	696301833
92228	820992561
92229	4232372491
92230	3708334780
92231	2852012350
92232	1178110549
92233	3624578502
92234	1017773348
92235	4156044888
92236	3088259930
92237	4260683269
92238	104835580
92239	2400734269
92240	86808919
92241	1341098230
92242	943729289
92243	3892111349
92244	1852839447
92245	4260679503
92246	875339834
92247	1989365846
92248	1201496163
92249	1181121875
92250	2792780452
92251	1838877301
92252	1202758440
92253	1932775929
92254	1501203029
92255	5587631
92256	1001336578
92257	1196070143
92258	653449554
92259	3037469701
92260	2852004938
92261	3090569807
92262	17976481
92263	3153263281
92264	909085186
92265	4078503911
92266	4124836655
92267	67209870
92268	4158458034
92269	1135214144
92270	424032393
92271	3281999286
92272	777862313
92273	388757431
92274	1093646336
92275	2282798515
92276	2689352765
92277	2716542485
92278	2998798146
92279	1094487831
92280	3717408247
92281	3754488631
92282	440739716
92283	4182172170
92284	3741955516
92285	575390980
92286	1016063823
92287	1446327508
92288	2466233039
92289	2868724027
92290	424296394
92291	3399701174
92292	254469545
92293	1178515474
92294	2572288491
92295	2297892670
92296	965367802
92297	1428448116
92298	1110215223
92299	1269867296
92300	1382969365
92301	1509749966
92302	4131007647
92303	2406912847
92304	1514642783
92305	1413899900
92306	2879813233
92307	1164811017
92308	559132834
92309	796472273
92310	442071689
92311	2550158664
92312	810400302
92313	1011304088
92314	69661404
92315	1404570651
92316	1034551838
92317	4172822100
92318	3087076685
92319	3266637814
92320	3946196622
92321	4280866553
92322	4076384701
92323	967988789
92324	3037529068
92325	1094422551
92326	2320890676
92327	3066813959
92328	2852330827
92329	3090569040
92330	17583521
92331	3102996657
92332	1032477507
92333	378773730
92334	1118436928
92335	1462848221
92336	3269587171
92337	1094683929
92338	1070270712
92339	1421593310
92340	3853124641
92341	2850829871
92342	4281830973
92343	4226722489
92344	589081574
92345	138521854
92346	2333428800
92347	4079655498
92348	4076252346
92349	967988789
92350	3154903529
92351	1279605897
92352	1464155273
92353	4107928757
92354	1118633792
92355	1335562985
92356	2832458987
92357	2902409535
92358	1228967769
92359	1307741517
92360	138451725
92361	3175345701
92362	3283874295
92363	1383414193
92364	3585257992
92365	2888711712
92366	3791731277
92367	3656986610
92368	3376236900
92369	3258559969
92370	1015700290
92371	1015697736
92372	196526599
92373	1220870902
92374	2716542238
92375	2932017215
92376	1262258778
92377	1345489486
92378	960401849
92379	696976960
92380	419884018
92381	3691261938
92382	73764851
92383	1040757498
92384	977918772
92385	4175747788
92386	841340276
92387	254998220
92388	3121168547
92389	100093848
92390	639215059
92391	155362303
92392	1880495229
92393	4193018836
92394	3104129446
92395	909432150
92396	3902987462
92397	2417511545
92398	4281701979
92399	3758535864
92400	507888902
92401	1554115356
92402	95601159
92403	1148205489
92404	4143137239
92405	3255321514
92406	4282466448
92407	283869085
92408	3740656825
92409	1094683672
92410	2404776763
92411	4227653380
92412	720559939
92413	3572384410
92414	1113188265
92415	888613493
92416	234548705
92417	860369311
92418	2877404828
92419	946039737
92420	558215842
92421	276905234
92422	1102045415
92423	998918772
92424	2706661727
92425	764033137
92426	2980258121
92427	705958016
92428	4229120944
92429	1279475337
92430	2333689383
92431	2114193543
92432	3533299458
92433	1069028119
92434	1459092702
92435	3070771111
92436	999101767
92437	1509504153
92438	1313388450
92439	1280064905
92440	1465069961
92441	3942857869
92442	852508549
92443	3118613682
92444	1295747657
92445	2914273387
92446	682364792
92447	788507369
92448	1098462398
92449	1140055801
92450	1730972213
92451	3020226733
92452	797836602
92453	910132410
92454	838000707
92455	1560032398
92456	3171106220
92457	167202712
92458	1346277905
92459	2232749878
92460	4110474500
92461	804446546
92462	137615111
92463	3658198714
92464	2689354557
92465	3867209940
92466	4091787790
92467	965809993
92468	1442462616
92469	4192011184
92470	1118304832
92471	370770074
92472	3428168846
92473	2688241467
92474	2802544273
92475	2997037394
92476	797589589
92477	4052285204
92478	1228967255
92479	1045686805
92480	1236106862
92481	2593288838
92482	724977760
92483	3130957997
92484	1043237431
92485	1303618336
92486	2780308271
92487	422675942
92488	244612807
92489	814066728
92490	1883213080
92491	1295643417
92492	3355129817
92493	2140981730
92494	3001954636
92495	2948072257
92496	104536452
92497	4007779018
92498	105097449
92499	3377476871
92500	3637115127
92501	2320890166
92502	49666571
92503	1307942987
92504	1312655958
92505	2756621773
92506	736537085
92507	1069028123
92508	1409219292
92509	4215487653
92510	2321238845
92511	142936833
92512	147060785
92513	1815720534
92514	4180466382
92515	1324720203
92516	1245284950
92517	2522348279
92518	2998667325
92519	3305371727
92520	709770897
92521	2232945459
92522	972429572
92523	4025933060
92524	2434287143
92525	2597102678
92526	3121555431
92527	391004087
92528	999905788
92529	196329221
92530	1062366831
92531	2571366122
92532	2754170354
92533	1362135615
92534	1274185974
92535	1246838668
92536	608392169
92537	1615441277
92538	2241499761
92539	1663776327
92540	2260377247
92541	692268681
92542	810398882
92543	1453701154
92544	2971218309
92545	402426243
92546	3861939633
92547	1534081677
92548	3578346226
92549	3687709495
92550	696230605
92551	1437859899
92552	4057128978
92553	104508650
92554	428149504
92555	3637034482
92556	3713299769
92557	1077184443
92558	105229308
92559	4165965327
92560	564909022
92561	1034305598
92562	1228835414
92563	3680107519
92564	3758499570
92565	2233009013
92566	4045232304
92567	1101463360
92568	440941449
92569	3383119544
92570	845080489
92571	804446035
92572	120968970
92573	1387439176
92574	1304758519
92575	2316258352
92576	4078821319
92577	1345495098
92578	2291351151
92579	1408409640
92580	1174113583
92581	1006059078
92582	2470334788
92583	3415268361
92584	2194019106
92585	3012818759
92586	1228769865
92587	1854297096
92588	692908959
92589	1078588556
92590	4144972182
92591	2371355450
92592	3927330574
92593	2121227949
92594	1921479836
92595	1214333478
92596	2695802008
92597	2318957164
92598	2736868790
92599	590377082
92600	2347048579
92601	3371583039
92602	3863709938
92603	1652986941
92604	1391125727
92605	4197446367
92606	4069346889
92607	4137700421
92608	166166760
92609	55358445
92610	4076253631
92611	831587898
92612	3606900193
92613	2998928958
92614	1446393044
92615	82748896
92616	1531395211
92617	3629513968
92618	2739489014
92619	4165965841
92620	581751779
92621	4141370731
92622	1290921173
92623	4058357237
92624	1089151884
92625	3171105708
92626	4164458582
92627	1487971400
92628	475898346
92629	3741495233
92630	2689352510
92631	2555729203
92632	2528721215
92633	908888838
92634	4112058348
92635	999094331
92636	551417587
92637	2980268361
92638	3677697286
92639	2394505532
92640	907135288
92641	16164589
92642	2451195703
92643	2915671631
92644	254404265
92645	1296087058
92646	2604987632
92647	3015575105
92648	1446393044
92649	2918250389
92650	2434419833
92651	2982780502
92652	254273193
92653	1312864274
92654	2606499323
92655	4009352202
92656	1006360651
92657	474359684
92658	3470722741
92659	369561579
92660	433724081
92661	3238544293
92662	1049696844
92663	1442788506
92664	3990684337
92665	1066876753
92666	2117352341
92667	1307811879
92668	2232815923
92669	610498610
92670	1569285811
92671	1160743479
92672	1370923808
92673	1831474191
92674	2533299016
92675	2850698798
92676	4174926893
92677	1082979636
92678	4158282480
92679	1099757622
92680	515715395
92681	4222021113
92682	4193977291
92683	1145744411
92684	3685612812
92685	1061300873
92686	501336756
92687	882916167
92688	1452767089
92689	691941513
92690	810399650
92691	1198336531
92692	1016659730
92693	882916169
92694	3096753574
92695	959415521
92696	558479522
92697	1098790590
92698	1139990775
92699	982521187
92700	437008086
92701	121649285
92702	3238543787
92703	433855156
92704	3238543013
92705	999298377
92706	1442460826
92707	4175299500
92708	1101724224
92709	616897710
92710	1515677605
92711	2086688354
92712	3527758452
92713	1988071860
92714	3610811557
92715	1988073904
92716	1765440882
92717	951099297
92718	1483253146
92719	2908378977
92720	2829899320
92721	2527434807
92722	1654805841
92723	3560480668
92724	1431410856
92725	1364365475
92726	2678216017
92727	2829899320
92728	2527434807
92729	1621382481
92730	951166368
