6529	1394262936
6530	2964790349
6531	2076766513
6532	888023836
6533	45930526
6534	2030835987
6535	2844974642
6536	2338016490
6537	81383983
6538	4259513839
6539	3216561243
6540	3109242040
6541	2149934178
6542	695040464
6543	2238372346
6544	2077748345
6545	2373296576
6546	3377526825
6547	2497840537
6548	1761673302
6549	3668479913
6550	3843048626
6551	1463980928
6552	1645261112
6553	3431866276
6554	3013035198
6555	2330215529
6556	2659792231
6557	925140446
6558	1313231900
6559	678283901
6560	1399464444
6561	2578755953
6562	4089507919
6563	4139524826
6564	3532969295
6565	1627248266
6566	870592271
6567	2416833351
6568	3639807247
6569	361365322
6570	3307114591
6571	1301157844
6572	2541890782
6573	1909173543
6574	3849774681
6575	3882506142
6576	2057722266
6577	2578696514
6578	853169762
6579	898665735
6580	2114369463
6581	286946599
6582	2043268930
6583	3697434491
6584	3257325036
6585	1120693965
6586	4099413777
6587	3561187597
6588	2047011599
6589	1601480451
6590	3371770746
6591	3476719583
6592	2217712157
6593	3356581031
6594	3517142218
6595	2043649990
6596	2045857929
6597	2938737613
6598	1200787213
6599	543702911
6600	2989266384
6601	1200919826
6602	426328440
6603	2728091049
6604	2437468518
6605	4210498810
6606	2501301837
6607	2245216706
6608	1394590541
6609	3406802491
6610	1249530127
6611	2301921370
6612	1005193221
6613	2862941015
6614	2733184125
6615	3332252045
6616	3504606033
6617	278580465
6618	1630593078
6619	2893963841
6620	955810840
6621	1064851203
6622	2817654939
6623	3633381067
6624	2719308495
6625	2541496458
6626	37200056
6627	4285029302
6628	863107756
6629	4109714875
6630	1083918156
6631	1838213107
6632	276156356
6633	2482564493
6634	2099349402
6635	1693436038
6636	349832892
6637	2291914292
6638	1405520199
6639	4244079297
6640	3308213035
6641	1776082402
6642	3639578859
6643	877384176
6644	3222029601
6645	2794330350
6646	766857247
6647	2217942164
6648	4124036731
6649	349832892
6650	1251647559
6651	74892029
6652	3296878717
6653	2758841351
6654	717878232
6655	3685335085
6656	2827344368
6657	436404559
6658	2920176472
6659	646537956
6660	2870604262
6661	1302283589
6662	741366401
6663	1839391008
6664	206466921
6665	3313202172
6666	3920502737
6667	157574587
6668	1043212626
6669	711828704
6670	4126841503
6671	3313399292
6672	3970834388
6673	157575358
6674	1043344468
6675	728606423
6676	3992689313
6677	2065605161
6678	662485888
6679	359406822
6680	2078061696
6681	3883236191
6682	327262619
6683	2694064280
6684	4102204853
6685	840904849
6686	1404311857
6687	1968131407
6688	3721426430
6689	3076073362
6690	330729129
6691	4146736672
6692	1397760751
6693	2007631796
6694	294289574
6695	2320456813
6696	2979703704
6697	1242730024
6698	1620210991
6699	2706211105
6700	26973020
6701	3535399083
6702	4091820258
6703	3734526815
6704	4065046514
6705	1596884372
6706	2976663389
6707	3478460395
6708	2447099979
6709	2277976835
6710	615987006
6711	1659258736
6712	3591519400
6713	940716020
6714	124135183
6715	1076767826
6716	1740887113
6717	974749490
6718	2658631577
6719	2382618038
6720	336690457
6721	2773543973
6722	4062919781
6723	3980204287
6724	351963065
6725	1835166085
6726	2449863217
6727	1405221439
6728	3752853613
6729	1821770684
6730	2287944191
6731	3977889656
6732	1400995796
6733	1528789557
6734	309423550
6735	972350945
6736	3598772707
6737	1421681508
6738	1060882985
6739	4185797702
6740	2208518996
6741	3008374840
6742	2980028494
6743	1072756432
6744	3572043756
6745	374758148
6746	1917156144
6747	1273140663
6748	132379536
6749	1366381899
6750	2877697398
6751	2732767212
6752	575445823
6753	2030739714
6754	4040309984
6755	3234259863
6756	405318996
6757	1241923689
6758	3930427783
6759	2462207257
6760	759822344
6761	1148543061
6762	1645787289
6763	2653491526
6764	2408333017
6765	597007253
6766	1620934911
6767	307931721
6768	3816105010
6769	1072756432
6770	3572043756
6771	966059616
6772	285587943
6773	317653103
6774	4052206222
6775	3445306143
6776	4146539870
6777	532653795
6778	2226187556
6779	787983177
6780	4224862351
6781	970725531
6782	2714609554
6783	1701251907
6784	1126092461
6785	2047018777
6786	2684353078
6787	3971504419
6788	3243639349
6789	3172887527
6790	1768617725
6791	942549368
6792	1928054894
6793	3677302579
6794	1919948306
6795	1106714330
6796	3929619367
6797	1025323014
6798	814067994
6799	61489686
6800	144977235
6801	977111314
6802	2336090858
6803	2780169531
6804	1140333206
6805	3069310374
6806	1383231509
6807	2554589205
6808	2783590717
6809	1195188015
6810	3811607985
6811	50571843
6812	4076269660
6813	977307922
6814	2336091370
6815	2830501182
6816	1140333206
6817	3069311145
6818	1383231509
6819	2554721045
6820	2783590719
6821	1195188527
6822	3828385192
6823	50571845
6824	3942117468
6825	1195681765
6826	869923396
6827	1464567463
6828	3492885721
6829	1618616635
6830	3035757483
6831	993302603
6832	1084759093
6833	2233338421
6834	1649897770
6835	895395307
6836	3726834608
6837	1312537943
6838	1381526337
6839	375372290
6840	3726832563
6841	2118010446
6842	3017861699
6843	444927338
6844	959384519
6845	518848627
