25360	641538647
25361	408301552
25362	1837140811
25363	2866128037
25364	2779884765
25365	3352223342
25366	2844974642
25367	21153395
25368	895151123
25369	1884733642
25370	3695024543
25371	3952166095
25372	2149934178
25373	695040464
25374	2238372346
25375	2077748345
25376	1622662677
25377	3567455742
25378	1495998779
25379	388734863
25380	2930319034
25381	764705509
25382	581518722
25383	3370647373
25384	3431866276
25385	3013035198
25386	2330215529
25387	2659792231
25388	925140446
25389	1313231900
25390	678283901
25391	1399464444
25392	2578755953
25393	3338874020
25394	155524136
25395	3411931606
25396	4227699832
25397	1563266243
25398	298285438
25399	90449425
25400	901640802
25401	2028678232
25402	52361917
25403	712343592
25404	944529531
25405	3931956487
25406	1312925107
25407	2057722266
25408	2578696514
25409	853169762
25410	898665735
25411	2114369463
25412	286946599
25413	2043268930
25414	3697434491
25415	3257325036
25416	1120693965
25417	4099413777
25418	3561187597
25419	2047011599
25420	1601480451
25421	3371770746
25422	3476719583
25423	2217712157
25424	3356581031
25425	3517142218
25426	3789732479
25427	3844108837
25428	3783646373
25429	666845059
25430	3146938051
25431	264993555
25432	2406766431
25433	1820933401
25434	3946845168
25435	1911388371
25436	1825645016
25437	2767607718
25438	135756239
25439	4249660482
25440	3814314896
25441	1382293202
25442	3086104942
25443	3237540586
25444	2959901491
25445	1387427722
25446	2873114572
25447	2134196316
25448	790496935
25449	154032596
25450	255423626
25451	3676532861
25452	3898784641
25453	1709107762
25454	3633381067
25455	2719308495
25456	2541496458
25457	37200056
25458	4285029302
25459	863107756
25460	4109714875
25461	1083918156
25462	1838213107
25463	276156356
25464	2482564493
25465	2099349402
25466	1693436038
25467	349832892
25468	2291914292
25469	1405520199
25470	4244079297
25471	3308213035
25472	1776082402
25473	3639578859
25474	877384176
25475	3222029601
25476	2794330350
25477	766857247
25478	2217942164
25479	4124036731
25480	349832892
25481	1251647559
25482	74892029
25483	3296878717
25484	2758841351
25485	717878232
25486	3685335085
25487	2827344368
25488	436404559
25489	2920176472
25490	646537956
25491	2870604262
25492	444472127
25493	3345260352
25494	3708099107
25495	136009730
25496	3721975566
25497	61670807
25498	2847762080
25499	2114050275
25500	586608770
25501	2560329281
25502	295656658
25503	4264304193
25504	350089589
25505	2056676842
25506	543421292
25507	1277512109
25508	2514107491
25509	1432737677
25510	766695663
25511	1144692708
25512	2101684198
25513	4018928114
25514	1182849954
25515	1584757764
25516	1653902741
25517	2776820794
25518	2694173726
25519	1555486756
25520	2035274906
25521	1779039990
25522	358274236
25523	1024018966
25524	3945665711
25525	3435406527
25526	1597941265
25527	1639599321
25528	1236297612
25529	1723603879
25530	1095584197
25531	291843525
25532	19057764
25533	2854056808
25534	3634292154
25535	2794871458
25536	2603628239
25537	2481835992
25538	3091760894
25539	1357238998
25540	727227578
25541	3823163344
25542	778271389
25543	2898261472
25544	1617311660
25545	2281472981
25546	4263187945
25547	1740887113
25548	974749490
25549	2658631577
25550	2382618038
25551	336690457
25552	2773543973
25553	4062919781
25554	3980204287
25555	351963065
25556	1835166085
25557	2449863217
25558	1405221439
25559	3752853613
25560	1821770684
25561	2287944191
25562	3977889656
25563	1400995796
25564	1528789557
25565	309423550
25566	972350945
25567	3598772707
25568	1421681508
25569	1060882985
25570	4185797702
25571	2208518996
25572	3008374840
25573	2980028494
25574	1072756432
25575	3572043756
25576	374758148
25577	1917156144
25578	1273140663
25579	132379536
25580	1366381899
25581	2877697398
25582	2732767212
25583	575445823
25584	2030739714
25585	4040309984
25586	3234259863
25587	405318996
25588	1241923689
25589	3930427783
25590	2462207257
25591	759822344
25592	1148543061
25593	1645787289
25594	2653491526
25595	2408333017
25596	597007253
25597	1620934911
25598	307931721
25599	3816105010
25600	1072756432
25601	3572043756
25602	966059616
25603	285587943
25604	317653103
25605	4052206222
25606	3445306143
25607	4146539870
25608	532653795
25609	2226187556
25610	787983177
25611	4224862351
25612	970725531
25613	2714609554
25614	1701251907
25615	1126092461
25616	2047018777
25617	2684353078
25618	3971504419
25619	3243639349
25620	3172887527
25621	1768617725
25622	942549368
25623	1928054894
25624	1673101203
25625	3066338220
25626	654731502
25627	2690528850
25628	1629300520
25629	2078798587
25630	288956583
25631	4142020443
