78212	4117640981
78213	807162715
78214	1093255270
78215	4008874741
78216	4090770098
78217	1297452468
78218	2431149151
78219	1577725590
78220	2206036456
78221	1884733642
78222	3695024543
78223	1897395221
78224	90021645
78225	2341127506
78226	3642827391
78227	2229865495
78228	1639993354
78229	566043102
78230	1495998779
78231	388734863
78232	2930319034
78233	764705509
78234	581518722
78235	1315876499
78236	634715761
78237	3750273180
78238	488314442
78239	1852813064
78240	1392269467
78241	2250557924
78242	3137017492
78243	3387815299
78244	1912493920
78245	4022466730
78246	4081409244
78247	779601154
78248	4227699832
78249	1563266243
78250	298285438
78251	90449425
78252	901640802
78253	2028678232
78254	52361917
78255	712343592
78256	944529531
78257	3931956487
78258	4050408617
78259	1560435178
78260	3841600379
78261	1088082678
78262	2103988106
78263	1646285074
78264	247804949
78265	240509493
78266	3866668541
78267	2281111819
78268	849277294
78269	542992173
78270	906845185
78271	1343712739
78272	568168253
78273	2568849239
78274	763324287
78275	2624491012
78276	4237232211
78277	1970229005
78278	2481332148
78279	1541134582
78280	1773772277
78281	2307636967
78282	766827154
78283	12774000
78284	2406766431
78285	1820933401
78286	3946845168
78287	1911388371
78288	1825645016
78289	2767607718
78290	135756239
78291	4249660482
78292	3814314896
78293	1382293202
78294	3086104942
78295	3237540586
78296	2959901491
78297	1387427722
78298	2873114572
78299	2134196316
78300	790496935
78301	154032596
78302	255423626
78303	3676532861
78304	3898784641
78305	151623976
78306	3586742009
78307	2268660465
78308	984803491
78309	2856796888
78310	1250284201
78311	4132765773
78312	823101510
78313	1280886596
78314	2122718749
78315	3818533621
78316	1815855229
78317	2726917016
78318	3068421576
78319	1467055213
78320	2712771540
78321	1153897001
78322	3912168297
78323	2663910818
78324	2396936709
78325	2747307881
78326	2706788700
78327	2131170769
78328	983448091
78329	4218364390
78330	3255475631
78331	2383204404
78332	120470192
78333	447698061
78334	2469937386
78335	98911853
78336	398556875
78337	364767412
78338	4209056126
78339	2710402182
78340	4094396751
78341	142835460
78342	2713503122
78343	3551693179
78344	2711516517
78345	4064782927
78346	2909529501
78347	2926572377
78348	1407770309
78349	366001968
78350	398695079
78351	1908941888
78352	1440687418
78353	3621107032
78354	43437103
78355	4264304193
78356	350089589
78357	2056676842
78358	543421292
78359	1277512109
78360	2514107491
78361	1432737677
78362	766695663
78363	1144692708
78364	2101684198
78365	4018928114
78366	1182849954
78367	1584757764
78368	1653902741
78369	2776820794
78370	2694173726
78371	1555486756
78372	2035274906
78373	1779039990
78374	358274236
78375	1024018966
78376	3945665711
78377	3435406527
78378	1597941265
78379	1639599321
78380	1236297612
78381	1723603879
78382	1095584197
78383	291843525
78384	19057764
78385	2854056808
78386	3634292154
78387	2794871458
78388	2603628239
78389	2481835992
78390	3091760894
78391	1357238998
78392	727227578
78393	3823163344
78394	778271389
78395	2898261472
78396	1617311660
78397	2281472981
78398	4231922843
78399	214668429
78400	1709876667
78401	1876865342
78402	2500333030
78403	4063294731
78404	1773611128
78405	3506159659
78406	2490646031
78407	366150857
78408	521693806
78409	728590395
78410	1779549093
78411	2353216680
78412	466738394
78413	356363116
78414	2477834153
78415	3098019739
78416	166893728
78417	1955825021
78418	3655969544
78419	162564077
78420	3808471094
78421	2302351431
78422	3009476419
78423	4012407893
78424	3262977520
78425	4100411352
78426	867129187
78427	599926026
78428	4118640426
78429	2889098410
78430	1596281788
78431	3852582509
78432	3127180142
78433	784988155
78434	3094522453
78435	3864355661
78436	503097990
78437	1893838719
78438	451639771
78439	2295668110
78440	2679522908
78441	27265792
78442	548963533
78443	1582207236
78444	3512257299
78445	1766158088
78446	1821149180
78447	2397215210
78448	3082712240
78449	172763391
78450	677534961
78451	1705669443
78452	3651380841
78453	764056647
78454	1928767055
78455	2813898302
78456	4090166523
78457	2674738159
78458	486417806
78459	3907461343
78460	2932932430
78461	1760591741
78462	2155589149
78463	2504145559
78464	4133660627
78465	75395499
78466	3492112997
78467	3513256481
78468	1528543340
78469	2565853411
78470	3547683379
78471	890119377
78472	2678199637
78473	35303485
78474	3277911735
78475	273781444
78476	2412634070
78477	298882447
78478	941232291
78479	3123550636
78480	3771321870
78481	3433174927
78482	1182369693
78483	1744202684
78484	1105425430
78485	302344879
78486	288431392
78487	77570576
78488	2466652845
78489	2227009530
78490	2393970225
78491	3809938959
78492	1166055020
78493	274632398
78494	3309706298
78495	311400734
78496	2070164797
78497	2268239602
78498	3499197010
78499	765107183
78500	3847648202
78501	797408683
78502	1244150328
78503	812526514
78504	389889328
78505	153531964
78506	2989368178
78507	2583111227
78508	692989237
78509	1821118254
78510	927648602
78511	505089075
78512	3035511789
78513	2026151170
78514	2169070837
78515	3270589167
78516	257006544
78517	1844677654
78518	1152268659
78519	2866659455
78520	308761322
78521	874088632
78522	138917737
78523	1445840027
78524	2539451963
78525	3409418074
78526	4147564111
78527	2924223979
78528	1166138660
78529	1528035066
78530	150495050
78531	1404991706
78532	1673999583
78533	361275323
78534	4035601215
78535	2038406071
78536	64862376
78537	293411860
78538	1425153387
78539	3893832875
78540	4063492481
78541	4177140526
78542	2141276713
78543	1294129814
78544	512144878
78545	1085796387
78546	686537302
78547	953062019
78548	1413641409
78549	4117623499
78550	715363704
78551	1008240175
78552	591709182
78553	503875015
78554	1682949094
78555	2903861727
78556	3259561218
78557	1054463842
78558	2219761283
78559	634295525
78560	4003681127
78561	3925578323
78562	876546156
78563	1918325302
78564	2509546355
78565	94081884
78566	3367692468
78567	3409110820
78568	2556122528
78569	535638366
78570	3656162437
78571	1996043857
78572	2740283634
78573	2281911240
78574	3270450815
78575	552712529
78576	3465970765
78577	1607267920
78578	3108085741
78579	4085143027
78580	1396612905
78581	220698755
78582	3170567513
78583	3405872764
78584	1445911726
78585	2786011117
78586	93588615
78587	121079814
78588	217476591
78589	1492400076
78590	3315604210
78591	2856228428
78592	2410636492
78593	89696538
78594	2790067024
78595	1273227707
78596	3237347306
78597	2831231118
78598	2836830208
78599	669329451
78600	1160757316
78601	1329888715
78602	3322876776
78603	1338241377
78604	539772562
78605	4276888540
78606	4236606382
78607	786951309
78608	1917159213
78609	4157357176
78610	1413625711
78611	939590969
78612	356043346
78613	110695048
78614	3405872765
78615	1245457647
78616	1535000814
78617	942833339
78618	2335556128
78619	762463611
78620	3877663444
78621	584197580
78622	809981027
78623	1145843994
78624	3823746606
78625	4127190234
78626	1533458756
78627	2924072617
78628	918764034
78629	2889707060
78630	932011783
78631	1370339648
78632	3502039831
78633	3802403884
78634	2568129622
78635	1444278271
78636	3108085998
78637	154891522
78638	659832477
78639	3440578875
78640	1199374998
78641	3962721485
78642	1017652418
78643	3877240904
78644	4187576041
78645	4226031681
78646	4143299409
78647	3040766297
78648	636749101
78649	959532687
78650	4117425364
78651	4030124441
78652	2367829882
78653	759350260
78654	590458630
78655	194529525
78656	863803771
78657	2230718682
78658	1120266811
78659	2744088850
78660	3377429805
78661	1420635481
78662	3499330384
78663	2689475631
78664	2862099733
78665	1884507334
78666	820987763
78667	1474680347
78668	1646498782
78669	1033024126
78670	2264999120
78671	2057233968
78672	1001324893
