18366	3048614222
18367	913544399
18368	2342383658
18369	2866128037
18370	311547671
18371	2030835987
18372	2844974642
18373	21153395
18374	347001128
18375	4259513839
18376	3216561243
18377	3109242040
18378	2149934178
18379	695040464
18380	2238372346
18381	2077748345
18382	1622662677
18383	3019305747
18384	2497840537
18385	1761673302
18386	3668479913
18387	3843048626
18388	1463980928
18389	1645261112
18390	3431866276
18391	3013035198
18392	2330215529
18393	2659792231
18394	925140446
18395	1313231900
18396	678283901
18397	1399464444
18398	2578755953
18399	3338874020
18400	155524136
18401	2863781611
18402	1627248266
18403	870592271
18404	2416833351
18405	3639807247
18406	361365322
18407	3307114591
18408	1301157844
18409	2541890782
18410	1909173543
18411	3849774681
18412	3882506142
18413	2057722266
18414	2578696514
18415	853169762
18416	898665735
18417	2114369463
18418	286946599
18419	2043268930
18420	3697434491
18421	3257325036
18422	1120693965
18423	4099413777
18424	3561187597
18425	2047011599
18426	1601480451
18427	3371770746
18428	3476719583
18429	2217712157
18430	3356581031
18431	3517142218
18432	3789732479
18433	3844108837
18434	3783646373
18435	666845059
18436	3146938051
18437	4011810856
18438	1200919826
18439	426328440
18440	2728091049
18441	2437468518
18442	4210498810
18443	2501301837
18444	2245216706
18445	1394590541
18446	3406802491
18447	1249530127
18448	2301921370
18449	1005193221
18450	2862941015
18451	2733184125
18452	3332252045
18453	3504606033
18454	278580465
18455	1630593078
18456	2893963841
18457	955810840
18458	1064851203
18459	2817654939
18460	3633381067
18461	2719308495
18462	2541496458
18463	37200056
18464	4285029302
18465	863107756
18466	4109714875
18467	1083918156
18468	1838213107
18469	276156356
18470	2482564493
18471	2099349402
18472	1693436038
18473	349832892
18474	2291914292
18475	1405520199
18476	4244079297
18477	3308213035
18478	1776082402
18479	3639578859
18480	877384176
18481	3222029601
18482	2794330350
18483	766857247
18484	2217942164
18485	4124036731
18486	349832892
18487	1251647559
18488	74892029
18489	3296878717
18490	2758841351
18491	717878232
18492	3685335085
18493	2827344368
18494	436404559
18495	2920176472
18496	646537956
18497	2870604262
18498	444472127
18499	3345260352
18500	3708099107
18501	136009730
18502	3721975566
18503	61670807
18504	2847762080
18505	2114050275
18506	586608770
18507	2560329281
18508	295656658
18509	4264304193
18510	350089589
18511	2056676842
18512	543421292
18513	1277512109
18514	2514107491
18515	1432737677
18516	766695663
18517	1144692708
18518	2101684198
18519	4018928114
18520	1182849954
18521	1584757764
18522	1653902741
18523	2776820794
18524	2694173726
18525	1555486756
18526	2035274906
18527	1779039990
18528	358274236
18529	1024018966
18530	3945665711
18531	3435406527
18532	1597941265
18533	1639599321
18534	1236297612
18535	1723603879
18536	1095584197
18537	291843525
18538	19057764
18539	2854056808
18540	3634292154
18541	2794871458
18542	2603628239
18543	2481835992
18544	3091760894
18545	1357238998
18546	727227578
18547	3823163344
18548	778271389
18549	2898261472
18550	1617311660
18551	2281472981
18552	4263187945
18553	1740887113
18554	974749490
18555	2658631577
18556	2382618038
18557	336690457
18558	2773543973
18559	4062919781
18560	3980204287
18561	351963065
18562	1835166085
18563	2449863217
18564	1405221439
18565	3752853613
18566	1821770684
18567	2287944191
18568	3977889656
18569	1400995796
18570	1528789557
18571	309423550
18572	972350945
18573	3598772707
18574	1421681508
18575	1060882985
18576	4185797702
18577	2208518996
18578	3008374840
18579	2980028494
18580	1072756432
18581	3572043756
18582	374758148
18583	1917156144
18584	1273140663
18585	132379536
18586	1366381899
18587	2877697398
18588	2732767212
18589	575445823
18590	2030739714
18591	4040309984
18592	3234259863
18593	405318996
18594	1241923689
18595	3930427783
18596	2462207257
18597	759822344
18598	1148543061
18599	1645787289
18600	2653491526
18601	2408333017
18602	597007253
18603	1620934911
18604	307931721
18605	3816105010
18606	1072756432
18607	3572043756
18608	966059616
18609	285587943
18610	317653103
18611	4052206222
18612	3445306143
18613	4146539870
18614	532653795
18615	2226187556
18616	787983177
18617	4224862351
18618	970725531
18619	2714609554
18620	1701251907
18621	1126092461
18622	2047018777
18623	2684353078
18624	3971504419
18625	3243639349
18626	3172887527
18627	1768617725
18628	942549368
18629	1928054894
18630	1673101203
18631	3066338220
18632	654731502
18633	2690528850
18634	1629300520
18635	2078798587
18636	288956583
18637	4142020443
18638	532916963
18639	3189058603
18640	1132471735
18641	3224166368
18642	1758483559
18643	1089278521
18644	660031402
18645	1454018873
18646	238159178
18647	348449592
18648	3885418736
18649	2969877841
18650	3237688190
18651	1352935764
18652	3499197010
18653	765107183
18654	3847648202
18655	797408683
18656	1244150328
18657	812526514
18658	389889328
18659	153531964
18660	2989368178
18661	2583111227
18662	692989237
18663	1821118254
18664	927648602
18665	505089075
18666	3035511789
18667	2026151170
18668	2169070837
18669	3270589167
18670	257006544
18671	1844677654
18672	1152268659
18673	2866659455
18674	308761322
18675	874088632
18676	138917737
18677	1445840027
18678	2539451963
18679	3409418074
18680	4147564111
18681	2924223979
18682	1166138660
18683	1528035066
18684	150495050
18685	1404991706
18686	1673999583
18687	361275323
18688	4035601215
18689	2038406071
18690	64862376
18691	293411860
18692	1425153387
18693	3893832875
18694	4063492481
18695	4177140526
18696	2141276713
18697	1294129814
18698	512144878
18699	1085796387
18700	686537302
18701	953062019
18702	1413641409
18703	4117623499
18704	715363704
18705	1008240175
18706	591709182
18707	503875015
18708	1682949094
18709	2903861727
18710	3259561218
18711	1054463842
18712	2219761283
18713	634295525
18714	4003681127
18715	3925578323
18716	876546156
18717	1918325302
18718	2509546355
18719	94081884
18720	3367692468
18721	3409110820
18722	2556122528
18723	535638366
18724	3656162437
18725	1996043857
18726	2740283634
18727	2281911240
18728	3270450815
18729	552712529
18730	3465970765
18731	1607267920
18732	3108085741
18733	4085143027
18734	1396612905
18735	220698755
18736	3170567513
18737	3405872764
18738	1445911726
18739	2817276219
18740	926820654
18741	814066459
18742	373127836
18743	601621654
18744	669265731
18745	1989365846
18746	1201496163
18747	1181121875
18748	2792780452
18749	1838877301
18750	586657518
18751	2186886455
18752	2201702488
18753	1861217293
18754	3070641059
18755	909563228
18756	1083869704
18757	3563060657
18758	3090570360
18759	3039563021
18760	2504994792
18761	4239835721
18762	2315781959
18763	3384406776
18764	3929419913
18765	4118400996
18766	4059803062
18767	2056934918
18768	110880772
18769	2177063419
18770	3018471745
18771	959417911
18772	638388142
18773	762607654
18774	3375657455
18775	2448099398
18776	2387233145
18777	2217157701
18778	2805227592
18779	2462090649
18780	1162175274
18781	2436597433
18782	1135156536
18783	286524972
18784	2320934320
18785	3034915961
18786	350480658
18787	3835317044
18788	1114095931
18789	1094423065
18790	2300265767
18791	708109073
18792	1501202517
18793	1478825977
18794	2910744413
18795	2456979315
18796	910713153
18797	2661330603
18798	1916372048
18799	2753353396
18800	3090044734
18801	3122078706
18802	424032439
18803	849108224
18804	128892935
18805	3486601
18806	411081557
18807	955300342
18808	922495605
18809	1955201793
18810	707669058
18811	2025098154
18812	757435959
18813	4112977160
18814	888159302
18815	1142580412
18816	2990731927
18817	1049578057
18818	2476823648
18819	757436215
18820	2624777
18821	402694219
18822	1165441457
18823	76482232
18824	2852541947
18825	1077885836
18826	1015683141
18827	1446524116
18828	2365437131
18829	2689352509
18830	102858654
18831	1045684407
18832	4024105796
18833	1916648789
18834	2699548605
18835	4248910217
18836	948786685
18837	1459546332
18838	3943187355
18839	948787194
18840	1130649456
18841	490285455
18842	169741579
18843	138190142
18844	2371354675
18845	1444750335
18846	2910744413
18847	2456979315
18848	910713153
18849	2661330603
18850	747649145
18851	218410471
18852	2337711543
18853	2242843696
18854	2772244800
18855	1840375599
18856	1060932954
18857	2991273268
18858	1124067812
18859	2321238331
18860	3319483829
18861	827056041
18862	104506602
18863	428147193
18864	3737564914
18865	2783589938
18866	956288845
18867	4126661628
18868	150290659
18869	4074571692
18870	4070591554
18871	1195101273
18872	4157508941
18873	2852067909
18874	387536289
18875	1313715618
18876	4248910729
18877	1172149028
18878	4041720306
18879	2300265767
18880	2680397649
18881	3955429
18882	4191947951
18883	4074523764
18884	373696388
18885	2869942961
18886	2852197958
18887	320689569
18888	718736374
18889	1049881351
18890	943991436
18891	4293525228
18892	1062366831
18893	865688063
18894	84603397
18895	1588497806
18896	1956468313
18897	1109869907
18898	2895753386
18899	2053945412
18900	3896182240
18901	3089313906
18902	830860832
18903	798439688
18904	814065948
18905	1264732639
18906	4176143580
18907	407780299
18908	3315357362
18909	826663081
18910	104768746
18911	428148217
18912	3754473202
18913	3729552697
18914	1077641403
18915	54830332
18916	1082792005
18917	2141374363
18918	3703181102
18919	2350269753
18920	1140204952
18921	4244040865
18922	504800171
18923	155231231
18924	2321238071
18925	3427748098
18926	3774689266
18927	758437208
18928	3790662593
18929	852754295
18930	32293586
18931	3853125150
18932	1028091177
18933	1941786664
18934	116519899
18935	3121168291
18936	2716540949
18937	2931362111
18938	1094158618
18939	2405038392
18940	2370720691
18941	2689353788
18942	2320976955
18943	1526671247
18944	4026283932
18945	1066092047
18946	99657967
18947	1144492361
18948	2980951111
18949	2126542699
18950	3589729792
18951	1095126832
18952	3539610168
18953	908889092
18954	4180206796
18955	3104128678
18956	3460376902
18957	3417701621
18958	462178296
18959	230810941
18960	967985977
18961	853132277
18962	4074392943
18963	1148222955
18964	2833508391
18965	1966547980
18966	3401512885
18967	3928966200
18968	1452767089
18969	573384081
18970	1426467084
18971	742603753
18972	2226494903
18973	1044094264
18974	3895655137
18975	656318703
18976	1498265653
18977	346412001
18978	4013836140
18979	1433399815
18980	950416952
18981	1916242503
18982	2233008950
18983	2370719668
18984	2868789567
18985	2300266361
18986	3384385056
18987	1049499977
18988	1442394779
18989	3445248
18990	121874685
18991	2417577278
18992	4248279639
18993	3456105731
18994	3053273400
18995	1094290711
18996	3717605365
18997	3501585910
18998	1015700291
18999	150438369
19000	2970736564
19001	2852265798
19002	320558753
19003	4124903593
19004	1034419520
19005	370572186
19006	635241884
19007	1038757699
19008	862299914
19009	3793942705
19010	327273301
19011	3708327914
19012	3861857342
19013	2471516025
19014	2640340027
19015	1719489645
19016	1987224938
19017	2601154218
19018	4222939448
19019	1497181235
19020	2283428217
19021	1610404658
19022	2180459852
19023	1883032629
19024	419883836
19025	3757256690
19026	3629645109
19027	2806598900
19028	133255063
19029	1160874751
19030	3789474489
19031	1017637685
19032	2231565608
19033	3149198075
19034	1966715477
19035	3014789121
19036	4248909964
19037	999119351
19038	183861282
19039	1229780127
19040	1335495903
19041	2782127596
19042	2689354044
19043	2320976956
19044	4176076034
19045	1127131437
19046	739041792
19047	4147634686
19048	1160217880
19049	3638624431
19050	844948137
19051	838000957
19052	3579211494
19053	3619617529
19054	3497342481
19055	4057186033
19056	4255140939
19057	1094290199
19058	2350400807
19059	4164327772
19060	3725177022
19061	1204085799
19062	1287140949
19063	2716540178
19064	2830829116
19065	1094749207
19066	2606105129
19067	2565408323
19068	959025719
19069	959299583
19070	138190654
19071	2371355701
19072	1478304767
19073	2910744413
19074	2456979315
19075	910713153
19076	2661330603
19077	747780217
19078	218410985
19079	2337711543
19080	2242909488
19081	2587696174
19082	1840441903
19083	1815720534
19084	2985640962
19085	3305370191
19086	3090568524
19087	3944682406
19088	3759668639
19089	2817209897
19090	184297686
19091	3086153129
19092	1966715477
19093	2880964348
19094	1094749207
19095	2371221558
19096	3050102281
19097	2852132935
19098	3090568780
19099	17516961
19100	3119774384
19101	965368643
19102	311664873
19103	1084948032
19104	407649933
19105	4108016118
19106	937295910
19107	2233271603
19108	200884185
19109	3204988579
19110	99766173
19111	1346145553
19112	1452845208
19113	1364431011
19114	1856853334
19115	3364934616
19116	2884064140
19117	2224969615
19118	2949878848
19119	1718216284
19120	2224969535
19121	2671619415
19122	2588846757
19123	2375386270
19124	3015678085
19125	3268655057
19126	2262419101
19127	3234044358
19128	3654211776
19129	1821877395
19130	3198067661
19131	3889680087
19132	3536245206
19133	2597599391
19134	2656655000
19135	2224969814
19136	2842602839
19137	3639250912
19138	3634415316
19139	2862254468
19140	3478738576
19141	2677446013
19142	1722128462
19143	1348512597
19144	2526230132
19145	2678300392
19146	2504340842
19147	2874496158
19148	1118525809
19149	2444534848
19150	949791681
19151	2140778679
19152	981299771
19153	2058263250
19154	933665443
19155	1571329349
19156	1484139111
19157	2755696610
19158	996764530
19159	1319017429
19160	1448320602
19161	1936086174
19162	2526532664
19163	1402887249
19164	1571133253
19165	2547267743
19166	2656915813
19167	1402887249
19168	2487070042
19169	3864832172
19170	1497274021
19171	2908574047
19172	3823800683
19173	2648230032
19174	1436067994
19175	1582403751
19176	2597599391
19177	2656785816
19178	2224970325
19179	2708385113
19180	3637022931
19181	1420552019
19182	2424610390
19183	951047065
19184	929458666
19185	1518640732
19186	951165151
19187	1436067994
19188	3008978322
19189	3503146675
19190	3720333506
19191	3379861382
19192	3554788032
19193	3202269913
19194	1751552364
19195	3705590206
19196	3167869415
19197	3563695314
19198	2555287706
19199	2874836126
19200	2427083396
19201	2154408872
19202	2730940632
19203	3884960984
19204	1586529450
19205	1448386511
19206	1936276093
19207	2709171861
19208	2553783967
19209	1281533077
19210	2564042587
19211	2845020640
19212	2732734641
19213	2656655720
19214	951164813
19215	1349100954
19216	1499030184
19217	3504046185
19218	3571229382
19219	2224940431
19220	2559349329
19221	3214443944
19222	3552039377
19223	3653672332
19224	3281634991
19225	3470311620
19226	2544145321
19227	2661535128
19228	3620657106
19229	3335640793
19230	3432986024
19231	2778353320
19232	1655331924
19233	1098021472
19234	2140255396
19235	949789338
19236	2140778679
19237	981300027
19238	2963316329
19239	1755683406
19240	1348709211
19241	3795366309
19242	1515219365
19243	2908640866
19244	2829247032
19245	1469206865
19246	2929344173
19247	1776704680
19248	2454797718
19249	2795469920
19250	3701838800
19251	1515624101
19252	2454802782
19253	3795366307
19254	1532401832
19255	3470234522
19256	3739006161
19257	2581059289
19258	2597599391
19259	2454803864
19260	1535417947
19261	2577559213
19262	3818772385
19263	1364354213
19264	2911015044
19265	2526532664
19266	1402886994
19267	1587844933
19268	3795366305
19269	1549179048
19270	3470234522
19271	3301556422
19272	2597599391
19273	2454804120
19274	1535417948
19275	2762174125
19276	2744798892
19277	1952862623
19278	3654525306
19279	1805883447
19280	2454804829
19281	1916644699
19282	1083892359
19283	1768649588
19284	2896224824
19285	2476628308
19286	3795366304
19287	1515284133
19288	2946011958
19289	2795479454
19290	1452298553
19291	913138578
19292	1319936226
19293	1369416283
19294	1954393433
19295	2443432517
19296	1803055999
19297	3537595704
19298	2588845734
19299	1435260062
19300	3433262765
19301	2778353320
19302	913400916
19303	1786147689
19304	2829247032
19305	1419663185
19306	2654907739
19307	2588846242
19308	2807452830
19309	2947060798
19310	1718216284
19311	2224971071
19312	2654907733
19313	2588846757
19314	2828633246
19315	2596983506
19316	2560283704
19317	2224969047
19318	1535417950
19319	2929290925
19320	1776704680
19321	2656452758
19322	1051548241
19323	1319806434
19324	2525273687
19325	3214443944
19326	3552039377
19327	3653672332
19328	3281634991
19329	3470311620
19330	2544145321
19331	2661535128
19332	3620657106
19333	3335640793
19334	3560480721
19335	1482135720
19336	2656524176
19337	1856853591
19338	3935293659
19339	2697385180
19340	3881010333
19341	2656800659
19342	3248439711
19343	3818772385
19344	2656851115
19345	3478491780
19346	2699180209
19347	2656720041
19348	2058327443
19349	932945825
19350	2740359249
19351	2678675859
19352	951166369
19353	1370071962
19354	1419747931
19355	1899735898
19356	2444534848
19357	2677488489
19358	2778222230
19359	1621251668
19360	2167827298
19361	2555287191
19362	2824230046
19363	913334868
19364	1318492116
19365	1465097822
19366	1734235294
19367	3517020847
19368	2744661926
19369	1381999702
19370	1616010923
19371	2829247032
19372	1419663953
19373	2654907739
19374	2588847264
19375	1481744290
19376	2745269677
19377	2744798892
19378	2723893663
19379	1433615278
19380	1083417554
19381	1768650355
19382	1786278761
19383	2896224824
19384	2678807121
19385	2929875793
19386	2829247032
19387	1419663697
19388	2755571034
19389	2711545290
19390	1362913185
19391	2678807121
19392	951164813
19393	1349100954
19394	1515217830
19395	1165179819
19396	2140255396
19397	2158667329
19398	1722128974
19399	2469818977
19400	2711546065
19401	1362977699
19402	1839416652
19403	2829247032
19404	1419664977
19405	1450277984
19406	1083548626
19407	1768649332
19408	1786409833
19409	2829247032
19410	1419664464
19411	3594039206
19412	2553767529
19413	2791081118
19414	2677772862
19415	2561185870
19416	1385211740
19417	2908313488
19418	2829899320
19419	2527434807
19420	1365289052
19421	3795366307
19422	1549244584
19423	2830326109
19424	3520122310
19425	2363342792
19426	2949215383
19427	3302220226
19428	2847858370
19429	2556978833
19430	3537690321
19431	3653030361
19432	3520358828
19433	2828553880
19434	2427083908
19435	1469098332
19436	3682625946
19437	3701655256
19438	2649198540
19439	2476629588
19440	2681167250
19441	2412239734
19442	2884064140
19443	2224969104
19444	2948769857
19445	2610930078
19446	1452298558
19447	2723845022
19448	2980618621
19449	1722128974
19450	1348512598
19451	1966844764
19452	2444534848
19453	2677095529
19454	2778222230
19455	1621513812
19456	2167828322
19457	2555287191
19458	2841007262
19459	913465940
19460	2666058145
19461	1063494552
19462	2656850272
19463	2715758427
19464	2778353320
19465	1571444308
19466	3795366304
19467	1582392997
19468	2908574048
19469	3527767611
19470	1937740212
19471	1765440890
19472	951099295
19473	1399170458
19474	2908639584
19475	2526532664
19476	1469995600
19477	2774045265
19478	2104965697
19479	2694801770
19480	2778353320
19481	1671845207
19482	951166109
19483	1370071962
19484	1369418330
19485	2058329768
19486	933666721
19487	2841022545
19488	2526230131
19489	2527174373
19490	2421244263
19491	1369418330
19492	3782896034
19493	1364825557
19494	1452298584
19495	2874962298
19496	2755697315
19497	1097427835
19498	3617706715
19499	1705351758
19500	2441387612
19501	3795366348
19502	1431463589
19503	2980023606
19504	1772460622
19505	1348707669
19506	1765440886
19507	951100063
19508	1449698714
19509	1481663397
19510	2732734641
19511	2656391273
19512	1085102166
19513	1319936226
19514	1369418073
19515	1001302618
19516	1319936226
19517	1369417562
19518	1001302361
19519	1319674594
19520	2874708561
19521	2946929982
19522	1718216284
19523	2308067648
19524	2813239420
19525	2547819923
19526	2656982934
19527	1737642329
19528	2783066289
19529	2656393368
19530	3536770963
19531	3739147444
19532	2861029334
19533	3560480661
19534	1364760744
19535	2224969048
19536	2741939550
19537	2648154578
19538	1348904346
19539	2190705822
19540	2547267743
19541	2656588645
19542	1502761296
19543	2677445500
19544	1705351246
19545	1398777432
19546	794517157
19547	2665859745
19548	962896792
19549	2454804829
19550	2487070041
19551	2270075551
19552	2740622238
19553	1785155999
19554	2709172122
19555	2553781151
19556	2678282128
19557	2469817445
19558	2711546060
19559	1362846883
19560	1671382348
19561	3771807903
19562	1364432597
19563	1469075794
19564	2678035322
19565	3583479954
19566	1348379735
19567	2053133150
19568	1319806434
19569	2609159766
19570	3100824270
19571	2646910115
19572	2560283704
19573	2308067673
19574	2740815006
19575	2980619374
19576	2561186382
19577	2476384667
19578	2932987106
19579	3588475093
19580	2510507680
19581	2828553880
19582	2426558084
19583	1469097053
19584	1920622682
19585	3030663317
19586	2828429675
19587	2964803274
19588	1983670635
19589	2657708662
19590	2648154578
19591	1365681562
19592	2190771358
19593	3537595753
19594	2588845734
19595	2656538514
19596	3432856479
19597	2778353320
19598	913072724
19599	1319936226
19600	1369417818
19601	1001301850
19602	1319674594
19603	1549114973
19604	951165407
19605	1349100954
19606	1431331747
19607	1953053309
19608	3795366052
19609	1549101221
19610	2908115043
19611	2829247032
19612	1502761299
19613	2795651245
19614	2778353320
19615	1638488661
19616	951166884
19617	1466410394
19618	1549099430
19619	2699180209
19620	2454803625
19621	1001302106
19622	1319674594
19623	1733598806
19624	2732734641
19625	2656523366
19626	1051547220
19627	2666058145
19628	1046782872
19629	2454803038
19630	3795366304
19631	1515301283
19632	1616158633
19633	2829247032
19634	1419664212
19635	1551072352
19636	1083614418
19637	1768651380
19638	1786279017
19639	2829247032
19640	1419664210
19641	2705239383
19642	2588846242
19643	2740540574
19644	2947323198
19645	1718216284
19646	2224969793
19647	2705239387
19648	2588846757
19649	2744878238
19650	2596983506
19651	2560283704
19652	2224970328
19653	1568972377
19654	2845535917
19655	1776704680
19656	2656780694
19657	1051547220
19658	1319806434
19659	2542050908
19660	3214443944
19661	3552039377
19662	3653672332
19663	3281634991
19664	3470311620
19665	2544145321
19666	2661535128
19667	3620657106
19668	3335640793
19669	3560480721
19670	1566087336
19671	2656852112
19672	1856854872
19673	3935293659
19674	2697385180
19675	3881010333
19676	2656604307
19677	3248767647
19678	3818772385
19679	2656654763
19680	3478819716
19681	2699180209
19682	2656523689
19683	2058327443
19684	932945825
19685	2824310865
19686	2678479507
19687	951165602
19688	1370071962
19689	1436526938
19690	1983687511
19691	2444534848
19692	2677619817
19693	2778222230
19694	1621645652
19695	2167828837
19696	2555287191
19697	2757317790
19698	913073492
19699	1318492116
19700	1481875037
19701	1667323038
19702	3517020847
19703	2744661926
19704	1398778199
19705	1616010922
19706	2829247032
19707	1419662932
19708	2705239383
19709	2588847264
19710	1498521510
19711	2980307068
19712	2846071374
19713	2678676049
19714	2874766395
19715	2755696804
19716	1013541752
19717	1768585844
19718	1319936226
19719	1369417818
19720	1001302362
19721	1319674594
19722	1498717781
19723	2677358253
19724	2743553690
19725	2678545043
19726	1634428753
19727	3399580335
19728	2711107495
19729	1436527191
19730	2676831856
19731	2778353320
19732	1621382487
19733	2017241944
19734	2444534848
19735	2695380585
19736	2711723737
19737	2421244516
19738	913154629
19739	2666056865
19740	962962328
19741	2656655201
19742	949984897
19743	2547357584
19744	1364811425
19745	2692374608
19746	2588847264
19747	1666293675
19748	2732734641
19749	2656522854
19750	951164813
19751	1399235994
19752	1431593131
19753	2732734641
19754	2656851815
19755	1068325207
19756	3527758451
19757	1971294644
19758	3610811557
19759	1971296688
19760	1765440882
19761	951099296
19762	1399235994
19763	1431593122
19764	2732734641
19765	2656981862
19766	1051546963
19767	1554558166
19768	1100391832
19769	1465016491
19770	2597599391
19771	2656393624
19772	2308067666
19773	2946199213
19774	1776704680
19775	2656453270
19776	1051549267
19777	1319806434
19778	2558828119
19779	3214443944
19780	3552039377
19781	3653672332
19782	3281634991
19783	3470311620
19784	2544145321
19785	2661535128
19786	3620657106
19787	3335640793
19788	3560480721
19789	1482266792
19790	2656524688
19791	1856853593
19792	3935293659
19793	2697385180
19794	3881010333
19795	2656866451
19796	3248440223
19797	3634223247
19798	2656916907
19799	3478492292
19800	3399580335
19801	2711107495
19802	1436525656
19803	1549115306
19804	1165114795
19805	2140255396
19806	949789845
19807	2140778679
19808	981300029
19809	2963382377
19810	2846071374
19811	913597265
19812	1318492116
19813	1498717781
19814	1952732318
19815	2526532664
19816	1419663186
19817	1666489943
19818	3517020847
19819	2744661926
19820	1382065496
19821	1498898852
19822	2732734641
19823	2656981862
19824	1051546964
19825	1319674594
19826	1549114972
19827	1500987309
19828	1083483602
19829	1768649333
19830	1321918679
19831	1768650101
19832	1785951593
19833	2526532664
19834	1436441687
19835	1683332697
19836	3795366304
19837	1464969635
19838	1915369076
19839	2691263093
19840	2588846242
19841	2791069086
19842	2980488255
19843	1722128974
19844	1398843992
19845	2709172126
