35530	872705809
35531	2122041272
35532	4077337233
35533	2339671335
35534	2779884765
35535	1297452468
35536	2431149151
35537	1577725590
35538	376675686
35539	1884733642
35540	3695024543
35541	1897395221
35542	90021645
35543	2341127506
35544	3642827391
35545	2229865495
35546	1104187240
35547	3567455742
35548	1495998779
35549	388734863
35550	2930319034
35551	764705509
35552	581518722
35553	1315876499
35554	634715761
35555	3750273180
35556	488314442
35557	1852813064
35558	1392269467
35559	2250557924
35560	3137017492
35561	3387815299
35562	2060280516
35563	3338874020
35564	155524136
35565	3411931606
35566	4227699832
35567	1563266243
35568	298285438
35569	90449425
35570	901640802
35571	2028678232
35572	52361917
35573	712343592
35574	944529531
35575	3931956487
35576	4050408617
35577	1560435178
35578	3841600379
35579	1088082678
35580	2103988106
35581	1646285074
35582	247804949
35583	240509493
35584	3866668541
35585	2281111819
35586	849277294
35587	542992173
35588	906845185
35589	1343712739
35590	568168253
35591	2568849239
35592	763324287
35593	2624491012
35594	2838105594
35595	3517142218
35596	3789732479
35597	3844108837
35598	3783646373
35599	666845059
35600	3146938051
35601	264993555
35602	2406766431
35603	1820933401
35604	3946845168
35605	1911388371
35606	1825645016
35607	2767607718
35608	135756239
35609	4249660482
35610	3814314896
35611	1382293202
35612	3086104942
35613	3237540586
35614	2959901491
35615	1387427722
35616	2873114572
35617	2134196316
35618	790496935
35619	154032596
35620	255423626
35621	3676532861
35622	3898784641
35623	151623976
35624	3586742009
35625	2268660465
35626	984803491
35627	2856796888
35628	1250284201
35629	4132765773
35630	823101510
35631	1280886596
35632	2122718749
35633	3818533621
35634	1815855229
35635	2726917016
35636	3068421576
35637	1467055213
35638	2712771540
35639	1153897001
35640	3912168297
35641	2663910818
35642	2396936709
35643	2747307881
35644	2706788700
35645	2131170769
35646	983448091
35647	4218364390
35648	3255475631
35649	2383204404
35650	120470192
35651	447698061
35652	2469937386
35653	98911853
35654	398556875
35655	364767412
35656	4209056126
35657	2710402182
35658	4212896418
35659	2920176472
35660	646537956
35661	2870604262
35662	444472127
35663	3345260352
35664	3708099107
35665	136009730
35666	3721975566
35667	61670807
35668	2847762080
35669	2114050275
35670	586608770
35671	2560329281
35672	295656658
35673	4264304193
35674	350089589
35675	2056676842
35676	543421292
35677	1277512109
35678	2514107491
35679	1432737677
35680	766695663
35681	1144692708
35682	2101684198
35683	4018928114
35684	1182849954
35685	1584757764
35686	1653902741
35687	2776820794
35688	2694173726
35689	1555486756
35690	2035274906
35691	1779039990
35692	358274236
35693	1024018966
35694	3945665711
35695	3435406527
35696	1597941265
35697	1639599321
35698	1236297612
35699	1723603879
35700	1095584197
35701	291843525
35702	19057764
35703	2854056808
35704	3634292154
35705	2794871458
35706	2603628239
35707	2481835992
35708	3091760894
35709	1357238998
35710	727227578
35711	3823163344
35712	778271389
35713	2898261472
35714	1617311660
35715	2281472981
35716	4231922843
35717	214668429
35718	1709876667
35719	1876865342
35720	2500333030
35721	4063294731
35722	1773611128
35723	3506159659
35724	2490646031
35725	366150857
35726	521693806
35727	728590395
35728	1779549093
35729	2353216680
35730	466738394
35731	356363116
35732	2477834153
35733	3098019739
35734	166893728
35735	1955825021
35736	3655969544
35737	162564077
35738	3808471094
35739	2302351431
35740	3009476419
35741	4012407893
35742	3262977520
35743	4100411352
35744	867129187
35745	599926026
35746	4118640426
35747	2889098410
35748	1596281788
35749	3852582509
35750	3127180142
35751	784988155
35752	3094522453
35753	3864355661
35754	503097990
35755	1893838719
35756	451639771
35757	2295668110
35758	2679522908
35759	27265792
35760	548963533
35761	1582207236
35762	3512257299
35763	1766158088
35764	1821149180
35765	2397215210
35766	3082712240
35767	172763391
35768	677534961
35769	1705669443
35770	3651380841
35771	764056647
35772	1928767055
35773	2813898302
35774	4090166523
35775	2674738159
35776	486417806
35777	3907461343
35778	2932932430
35779	1760591741
35780	2155589149
35781	2504145559
35782	4133660627
35783	75395499
35784	3492112997
35785	3513256481
35786	1528543340
35787	2684353078
35788	3971504419
35789	3243639349
35790	3172887527
35791	1768617725
35792	942549368
35793	1928054894
35794	1673101203
35795	3066338220
35796	654731502
35797	2690528850
35798	1629300520
35799	2078798587
35800	288956583
35801	4142020443
35802	532916963
35803	3189058603
35804	1132471735
35805	3224166368
35806	1758483559
35807	1089278521
35808	660031402
35809	1454018873
35810	238159178
35811	348449592
35812	3885418736
35813	2969877841
35814	3237688190
35815	1352935764
35816	3499197010
35817	765107183
35818	3847648202
35819	797408683
35820	1244150328
35821	812526514
35822	389889328
35823	153531964
35824	2989368178
35825	2583111227
35826	692989237
35827	1821118254
35828	927648602
35829	505089075
35830	3035511789
35831	2026151170
35832	2169070837
35833	3270589167
35834	257006544
35835	1844677654
35836	1152268659
35837	2866659455
35838	308761322
35839	874088632
35840	138917737
35841	1445840027
35842	2539451963
35843	3409418074
35844	4147564111
35845	2924223979
35846	1166138660
35847	1528035066
35848	150495050
35849	1404991706
35850	1673999583
35851	361275323
35852	4035601215
35853	2038406071
35854	64862376
35855	293411860
35856	1425153387
35857	3893832875
35858	4063492481
35859	4177140526
35860	2141276713
35861	1294129814
35862	512144878
35863	1085796387
35864	686537302
35865	953062019
35866	1413641409
35867	4117623499
35868	715363704
35869	1008240175
35870	591709182
35871	503875015
35872	1682949094
35873	2903861727
35874	3259561218
35875	1054463842
35876	2219761283
35877	634295525
35878	4003681127
35879	3925578323
35880	876546156
35881	1918325302
35882	2509546355
35883	94081884
35884	3367692468
35885	3409110820
35886	2556122528
35887	535638366
35888	3656162437
35889	1996043857
35890	2740283634
35891	2281911240
35892	3270450815
35893	552712529
35894	3465970765
35895	1607267920
35896	3108085741
35897	4085143027
35898	1396612905
35899	220698755
35900	3170567513
35901	3405872764
35902	1445911726
35903	2786011117
35904	93588615
35905	121079814
35906	217476591
35907	1492400076
35908	3315604210
35909	2856228428
35910	2410636492
35911	89696538
35912	2790067024
35913	1273227707
35914	3237347306
35915	2831231118
35916	2836830208
35917	669329451
35918	1160757316
35919	1329888715
35920	3322876776
35921	1338241377
35922	539772562
35923	4276888540
35924	4236606382
35925	786951309
35926	1917159213
35927	4157357176
35928	1413625711
35929	939590969
35930	356043346
35931	110695048
35932	3405872765
35933	1245457647
35934	1535000814
35935	942833339
35936	2335556128
35937	762463611
35938	3877663444
35939	584197580
35940	809981027
35941	1145843994
35942	3823746606
35943	4127190234
35944	1533458756
35945	2924072617
35946	918764034
35947	2889707060
35948	932011783
35949	1370339648
35950	3502039831
35951	3802403884
35952	2568129622
35953	1444278271
35954	3108085998
35955	154891522
35956	659832477
35957	3440578875
35958	1199374998
35959	3962721485
35960	1017652418
35961	3877240904
35962	4187576041
35963	4226031681
35964	4143299409
35965	3040766297
35966	636749101
35967	959532687
35968	4117425364
35969	4030124441
35970	2367829882
35971	759350260
35972	590458630
35973	194529525
35974	863803771
35975	2230718682
35976	1120266811
35977	2744088850
35978	3377429805
35979	1420635481
35980	3499330384
35981	2689475631
35982	2862099733
35983	1884507334
35984	820987763
35985	1474680347
35986	1646498782
35987	1033024126
35988	2264999120
35989	2057233968
35990	1001324893
35991	3842605936
35992	1495168156
35993	87039080
35994	2478586690
35995	1033670609
35996	3656987515
35997	2404137869
35998	2280534880
35999	3835581596
36000	1424004276
36001	973210934
36002	2111367511
36003	971344729
36004	3104908155
36005	1362822532
36006	2366832688
36007	2605669569
36008	3508545133
36009	2492091606
36010	409496325
36011	3241884516
36012	90199213
36013	673857434
36014	3351032172
36015	2872702179
36016	383156455
36017	2430741847
36018	2296516870
36019	1793649653
36020	573569362
36021	2101168797
36022	2517305498
36023	2264079604
36024	4275016156
36025	3927412483
36026	2705319099
36027	227613331
36028	2231562491
36029	3823996546
36030	1165963872
36031	989625277
36032	1497511779
36033	1006633780
36034	2268011174
36035	1865649453
36036	1012885019
36037	3357477776
36038	3950729980
36039	3836350313
36040	4161504881
36041	3646718896
36042	3732636178
36043	2090874458
36044	2680397649
36045	3955429
36046	4191947951
36047	4074523764
36048	373696388
36049	2869942961
36050	2852197958
36051	320689569
36052	718736374
36053	1049881351
36054	943991436
36055	4293525228
36056	1062366831
36057	865688063
36058	84603397
36059	1588497806
36060	1956468313
36061	1109869907
36062	2895753386
36063	2053945412
36064	3896182240
36065	3089313906
36066	830860832
36067	798439688
36068	814065948
36069	1264732639
36070	4176143580
36071	407780299
36072	3315357362
36073	826663081
36074	104768746
36075	428148217
36076	3754473202
36077	3729552697
36078	1077641403
36079	54830332
36080	1082792005
36081	2141374363
36082	3703181102
36083	2350269753
36084	1140204952
36085	4244040865
36086	504800171
36087	155231231
36088	2321238071
36089	3427748098
36090	3774689266
36091	758437208
36092	3790662593
36093	852754295
36094	32293586
36095	3853125150
36096	1028091177
36097	1941786664
36098	116519899
36099	3121168291
36100	2716540949
36101	2931362111
36102	1094158618
36103	2405038392
36104	2370720691
36105	2689353788
36106	2320976955
36107	1526671247
36108	4026283932
36109	1066092047
36110	99657967
36111	1144492361
36112	2980951111
36113	2126542699
36114	3589729792
36115	1095126832
36116	3539610168
36117	908889092
36118	4180206796
36119	3104128678
36120	3460376902
36121	3417701621
36122	462178296
36123	230810941
36124	967985977
36125	853132277
36126	4074392943
36127	1148222955
36128	2833508391
36129	1966547980
36130	3401512885
36131	3928966200
36132	1452767089
36133	573384081
36134	1426467084
36135	742603753
36136	2226494903
36137	1044094264
36138	3895655137
36139	656318703
36140	1498265653
36141	346412001
36142	4013836140
36143	1433399815
36144	950416952
36145	1916242503
36146	2233008950
36147	2370719668
36148	2868789567
36149	2300266361
36150	3384385056
36151	1049499977
36152	1442394779
36153	3445248
36154	121874685
36155	2417577278
36156	4248279639
36157	3456105731
36158	3053273400
36159	1094290711
36160	3717605365
36161	3501585910
36162	1015700291
36163	150438369
36164	2970736564
36165	2852265798
36166	320558753
36167	4124903593
36168	1034419520
36169	370572186
36170	635241884
36171	1038757699
36172	862299914
36173	3793942705
36174	327273301
36175	3708327914
36176	3861857342
36177	2471516025
36178	2640340027
36179	1719489645
36180	1987224938
36181	2601154218
36182	4222939448
36183	1497181235
36184	2283428217
36185	1610404658
36186	2180459852
36187	1883032629
36188	419883836
36189	3757256690
36190	3629645109
36191	2806598900
36192	133255063
36193	1160874751
36194	3789474489
36195	1017637685
36196	2231565608
36197	3149198075
36198	1966715477
36199	3014789121
36200	4248909964
36201	999119351
36202	183861282
36203	1229780127
36204	1335495903
36205	2782127596
36206	2689354044
36207	2320976956
36208	4176076034
36209	1127131437
36210	739041792
36211	4147634686
36212	1160217880
36213	3638624431
36214	844948137
36215	838000957
36216	3579211494
36217	3619617529
36218	3497342481
36219	4057186033
36220	4255140939
36221	1094290199
36222	2350400807
36223	4164327772
36224	3725177022
36225	1204085799
36226	1287140949
36227	2716540178
36228	2830829116
36229	1094749207
36230	2606105129
36231	2565408323
36232	959025719
36233	959299583
36234	138190654
36235	2371355701
36236	1478304767
36237	2910744413
36238	2456979315
36239	910713153
36240	2661330603
36241	747780217
36242	218410985
36243	2337711543
36244	2242909488
36245	2587696174
36246	1840441903
36247	1815720534
36248	2985640962
36249	3305370191
36250	3090568524
36251	3944682406
36252	3759668639
36253	2817209897
36254	184297686
36255	3086153129
36256	1966715477
36257	2880964348
36258	1094749207
36259	2371221558
36260	3050102281
36261	2852132935
36262	3090568780
36263	17516961
36264	3119774384
36265	965368643
36266	311664873
36267	1084948032
36268	407649933
36269	4108016118
36270	937295910
36271	2233271603
36272	200884185
36273	3204988579
36274	99766173
36275	1346145553
36276	3579327477
36277	3501650936
36278	982194245
36279	3406361666
36280	4294237449
36281	121809661
36282	4065303053
36283	447140834
