73580	1407297563
73581	807162715
73582	1093255270
73583	4008874741
73584	4090770098
73585	1297452468
73586	2431149151
73587	1577725590
73588	2206036456
73589	1884733642
73590	3695024543
73591	1897395221
73592	90021645
73593	2341127506
73594	3642827391
73595	2229865495
73596	1639993354
73597	566043102
73598	1495998779
73599	388734863
73600	2930319034
73601	764705509
73602	581518722
73603	1315876499
73604	634715761
73605	3750273180
73606	488314442
73607	1852813064
73608	1392269467
73609	2250557924
73610	3137017492
73611	3387815299
73612	1912493920
73613	4022466730
73614	4081409244
73615	779601154
73616	4227699832
73617	1563266243
73618	298285438
73619	90449425
73620	901640802
73621	2028678232
73622	52361917
73623	712343592
73624	944529531
73625	3931956487
73626	4050408617
73627	1560435178
73628	3841600379
73629	1088082678
73630	2103988106
73631	1646285074
73632	247804949
73633	240509493
73634	3866668541
73635	2281111819
73636	849277294
73637	542992173
73638	906845185
73639	1343712739
73640	568168253
73641	2568849239
73642	763324287
73643	2624491012
73644	4237232211
73645	1970229005
73646	2481332148
73647	1541134582
73648	1773772277
73649	2307636967
73650	766827154
73651	12774000
73652	2406766431
73653	1820933401
73654	3946845168
73655	1911388371
73656	1825645016
73657	2767607718
73658	135756239
73659	4249660482
73660	3814314896
73661	1382293202
73662	3086104942
73663	3237540586
73664	2959901491
73665	1387427722
73666	2873114572
73667	2134196316
73668	790496935
73669	154032596
73670	255423626
73671	3676532861
73672	3898784641
73673	151623976
73674	3586742009
73675	2268660465
73676	984803491
73677	2856796888
73678	1250284201
73679	4132765773
73680	823101510
73681	1280886596
73682	2122718749
73683	3818533621
73684	1815855229
73685	2726917016
73686	3068421576
73687	1467055213
73688	2712771540
73689	1153897001
73690	3912168297
73691	2663910818
73692	2396936709
73693	2747307881
73694	2706788700
73695	2131170769
73696	983448091
73697	4218364390
73698	3255475631
73699	2383204404
73700	120470192
73701	447698061
73702	2469937386
73703	98911853
73704	398556875
73705	364767412
73706	4209056126
73707	2710402182
73708	4094396751
73709	142835460
73710	2713503122
73711	3551693179
73712	2711516517
73713	4064782927
73714	2909529501
73715	2926572377
73716	1407770309
73717	366001968
73718	398695079
73719	1908941888
73720	1440687418
73721	3621107032
73722	43437103
73723	4264304193
73724	350089589
73725	2056676842
73726	543421292
73727	1277512109
73728	2514107491
73729	1432737677
73730	766695663
73731	1144692708
73732	2101684198
73733	4018928114
73734	1182849954
73735	1584757764
73736	1653902741
73737	2776820794
73738	2694173726
73739	1555486756
73740	2035274906
73741	1779039990
73742	358274236
73743	1024018966
73744	3945665711
73745	3435406527
73746	1597941265
73747	1639599321
73748	1236297612
73749	1723603879
73750	1095584197
73751	291843525
73752	19057764
73753	2854056808
73754	3634292154
73755	2794871458
73756	2603628239
73757	2481835992
73758	3091760894
73759	1357238998
73760	727227578
73761	3823163344
73762	778271389
73763	2898261472
73764	1617311660
73765	2281472981
73766	4231922843
73767	214668429
73768	1709876667
73769	1876865342
73770	2500333030
73771	4063294731
73772	1773611128
73773	3506159659
73774	2490646031
73775	366150857
73776	521693806
73777	728590395
73778	1779549093
73779	2353216680
73780	466738394
73781	356363116
73782	2477834153
73783	3098019739
73784	166893728
73785	1955825021
73786	3655969544
73787	162564077
73788	3808471094
73789	2302351431
73790	3009476419
73791	4012407893
73792	3262977520
73793	4100411352
73794	867129187
73795	599926026
73796	4118640426
73797	2889098410
73798	1596281788
73799	3852582509
73800	3127180142
73801	784988155
73802	3094522453
73803	3864355661
73804	503097990
73805	1893838719
73806	451639771
73807	2295668110
73808	2679522908
73809	27265792
73810	548963533
73811	1582207236
73812	3512257299
73813	1766158088
73814	1821149180
73815	2397215210
73816	3082712240
73817	172763391
73818	677534961
73819	1705669443
73820	3651380841
73821	764056647
73822	1928767055
73823	2813898302
73824	4090166523
73825	2674738159
73826	486417806
73827	3907461343
73828	2932932430
73829	1760591741
73830	2155589149
73831	2504145559
73832	4133660627
73833	75395499
73834	3492112997
73835	3513256481
73836	1528543340
73837	2565853411
73838	3547683379
73839	890119377
73840	2678199637
73841	35303485
73842	3277911735
73843	273781444
73844	2412634070
73845	298882447
73846	941232291
73847	3123550636
73848	3771321870
73849	3433174927
73850	1182369693
73851	1744202684
73852	1105425430
73853	302344879
73854	288431392
73855	77570576
73856	2466652845
73857	2227009530
73858	2393970225
73859	3809938959
73860	1166055020
73861	274632398
73862	3309706298
73863	311400734
73864	2070164797
73865	2268239602
73866	3499197010
73867	765107183
73868	3847648202
73869	797408683
73870	1244150328
73871	812526514
73872	389889328
73873	153531964
73874	2989368178
73875	2583111227
73876	692989237
73877	1821118254
73878	927648602
73879	505089075
73880	3035511789
73881	2026151170
73882	2169070837
73883	3270589167
73884	257006544
73885	1844677654
73886	1152268659
73887	2866659455
73888	308761322
73889	874088632
73890	138917737
73891	1445840027
73892	2539451963
73893	3409418074
73894	4147564111
73895	2924223979
73896	1166138660
73897	1528035066
73898	150495050
73899	1404991706
73900	1673999583
73901	361275323
73902	4035601215
73903	2038406071
73904	64862376
73905	293411860
73906	1425153387
73907	3893832875
73908	4063492481
73909	4177140526
73910	2141276713
73911	1294129814
73912	512144878
73913	1085796387
73914	686537302
73915	953062019
73916	1413641409
73917	4117623499
73918	715363704
73919	1008240175
73920	591709182
73921	503875015
73922	1682949094
73923	2903861727
73924	3259561218
73925	1054463842
73926	2219761283
73927	634295525
73928	4003681127
73929	3925578323
73930	876546156
73931	1918325302
73932	2509546355
73933	94081884
73934	3367692468
73935	3409110820
73936	2556122528
73937	535638366
73938	3656162437
73939	1996043857
73940	2740283634
73941	2281911240
73942	3270450815
73943	552712529
73944	3465970765
73945	1607267920
73946	3108085741
73947	4085143027
73948	1396612905
73949	220698755
73950	3170567513
73951	3405872764
73952	1445911726
73953	2786011117
73954	93588615
73955	121079814
73956	217476591
73957	1492400076
73958	3315604210
73959	2856228428
73960	2410636492
73961	89696538
73962	2790067024
73963	1273227707
73964	3237347306
73965	2831231118
73966	2836830208
73967	669329451
73968	1160757316
73969	1329888715
73970	3322876776
73971	1338241377
73972	539772562
73973	4276888540
73974	4236606382
73975	786951309
73976	1917159213
73977	4157357176
73978	1413625711
73979	939590969
73980	356043346
73981	110695048
73982	3405872765
73983	1245457647
73984	1535000814
73985	942833339
73986	2335556128
73987	762463611
73988	3877663444
73989	584197580
73990	809981027
73991	1145843994
73992	3823746606
73993	4127190234
73994	1533458756
73995	2924072617
73996	918764034
73997	2889707060
73998	932011783
73999	1370339648
74000	3502039831
74001	3802403884
74002	2568129622
74003	1444278271
74004	3108085998
74005	154891522
74006	659832477
74007	3440578875
74008	1199374998
74009	3962721485
74010	1017652418
74011	3877240904
74012	4187576041
74013	4226031681
74014	4143299409
74015	3040766297
74016	636749101
74017	959532687
74018	4117425364
74019	4030124441
74020	2367829882
74021	759350260
74022	590458630
74023	194529525
74024	863803771
74025	2230718682
74026	1120266811
74027	2744088850
74028	3377429805
74029	1420635481
74030	3499330384
74031	2689475631
74032	2862099733
74033	1884507334
74034	820987763
74035	1474680347
74036	1646498782
74037	1033024126
74038	2264999120
74039	2057233968
74040	1001324893
74041	3842605936
74042	1495168156
74043	87039080
74044	2478586690
74045	1033670609
74046	3656987515
74047	2404137869
74048	2280534880
74049	3835581596
74050	1424004276
74051	973210934
74052	2111367511
74053	971344729
74054	3104908155
74055	1362822532
74056	2366832688
74057	2605669569
74058	3508545133
74059	2492091606
74060	409496325
74061	3241884516
74062	90199213
74063	673857434
74064	3351032172
74065	2872702179
74066	383156455
74067	2430741847
74068	2296516870
74069	1793649653
74070	573569362
74071	2101168797
74072	2517305498
74073	2264079604
74074	4275016156
74075	3927412483
74076	2705319099
74077	227613331
74078	2231562491
74079	3823996546
74080	1165963872
74081	989625277
74082	1497511779
74083	1006633780
74084	2268011174
74085	1865649453
74086	1012885019
74087	3357477776
74088	3950729980
74089	3836350313
74090	4161504881
74091	3646718896
74092	3732636178
74093	2090874458
74094	2740549366
74095	4120271341
74096	1297488416
74097	2250194963
74098	2942592483
74099	2242494190
74100	2928542683
74101	4044624250
74102	1354883187
74103	2975387594
74104	1820522692
74105	1457389043
74106	845296763
74107	3723451977
74108	2175990046
74109	236644024
74110	2412314496
74111	2181535247
74112	2304821501
74113	2931378086
74114	268452464
74115	2855098172
74116	3551465758
74117	219856112
74118	339865434
74119	3093309493
74120	1312733449
74121	4164603540
74122	3443220683
74123	2595949297
74124	4153367030
74125	1247025696
74126	3095040132
74127	1502272043
74128	3635113315
74129	948285373
74130	2611908097
74131	1760629775
74132	3377514976
74133	3384105165
74134	3312227582
74135	3209749244
74136	2134139446
74137	259830779
74138	3018481416
74139	791457543
74140	2985445522
74141	2475576794
74142	3321664836
74143	1247934858
74144	2153230896
74145	1156475402
74146	3728887312
74147	877480718
