27258	3499649511
27259	408301552
27260	1837140811
27261	2866128037
27262	2779884765
27263	3352223342
27264	2844974642
27265	21153395
27266	895151123
27267	1884733642
27268	3695024543
27269	3952166095
27270	2149934178
27271	695040464
27272	2238372346
27273	2077748345
27274	1622662677
27275	3567455742
27276	1495998779
27277	388734863
27278	2930319034
27279	764705509
27280	581518722
27281	3370647373
27282	3431866276
27283	3013035198
27284	2330215529
27285	2659792231
27286	925140446
27287	1313231900
27288	678283901
27289	1399464444
27290	2578755953
27291	3338874020
27292	155524136
27293	3411931606
27294	4227699832
27295	1563266243
27296	298285438
27297	90449425
27298	901640802
27299	2028678232
27300	52361917
27301	712343592
27302	944529531
27303	3931956487
27304	1312925107
27305	2057722266
27306	2578696514
27307	853169762
27308	898665735
27309	2114369463
27310	286946599
27311	2043268930
27312	3697434491
27313	3257325036
27314	1120693965
27315	4099413777
27316	3561187597
27317	2047011599
27318	1601480451
27319	3371770746
27320	3476719583
27321	2217712157
27322	3356581031
27323	3517142218
27324	3789732479
27325	3844108837
27326	3783646373
27327	666845059
27328	3146938051
27329	264993555
27330	2406766431
27331	1820933401
27332	3946845168
27333	1911388371
27334	1825645016
27335	2767607718
27336	135756239
27337	4249660482
27338	3814314896
27339	1382293202
27340	3086104942
27341	3237540586
27342	2959901491
27343	1387427722
27344	2873114572
27345	2134196316
27346	790496935
27347	154032596
27348	255423626
27349	3676532861
27350	3898784641
27351	1709107762
27352	3633381067
27353	2719308495
27354	2541496458
27355	37200056
27356	4285029302
27357	863107756
27358	4109714875
27359	1083918156
27360	1838213107
27361	276156356
27362	2482564493
27363	2099349402
27364	1693436038
27365	349832892
27366	2291914292
27367	1405520199
27368	4244079297
27369	3308213035
27370	1776082402
27371	3639578859
27372	877384176
27373	3222029601
27374	2794330350
27375	766857247
27376	2217942164
27377	4124036731
27378	349832892
27379	1251647559
27380	74892029
27381	3296878717
27382	2758841351
27383	717878232
27384	3685335085
27385	2827344368
27386	436404559
27387	2920176472
27388	646537956
27389	2870604262
27390	444472127
27391	3345260352
27392	3708099107
27393	136009730
27394	3721975566
27395	61670807
27396	2847762080
27397	2114050275
27398	586608770
27399	2560329281
27400	295656658
27401	4264304193
27402	350089589
27403	2056676842
27404	543421292
27405	1277512109
27406	2514107491
27407	1432737677
27408	766695663
27409	1144692708
27410	2101684198
27411	4018928114
27412	1182849954
27413	1584757764
27414	1653902741
27415	2776820794
27416	2694173726
27417	1555486756
27418	2035274906
27419	1779039990
27420	358274236
27421	1024018966
27422	3945665711
27423	3435406527
27424	1597941265
27425	1639599321
27426	1236297612
27427	1723603879
27428	1095584197
27429	291843525
27430	19057764
27431	2854056808
27432	3634292154
27433	2794871458
27434	2603628239
27435	2481835992
27436	3091760894
27437	1357238998
27438	727227578
27439	3823163344
27440	778271389
27441	2898261472
27442	1617311660
27443	2281472981
27444	4263187945
27445	1740887113
27446	974749490
27447	2658631577
27448	2382618038
27449	336690457
27450	2773543973
27451	4062919781
27452	3980204287
27453	351963065
27454	1835166085
27455	2449863217
27456	1405221439
27457	3752853613
27458	1821770684
27459	2287944191
27460	3977889656
27461	1400995796
27462	1528789557
27463	309423550
27464	972350945
27465	3598772707
27466	1421681508
27467	1060882985
27468	4185797702
27469	2208518996
27470	3008374840
27471	2980028494
27472	1072756432
27473	3572043756
27474	374758148
27475	1917156144
27476	1273140663
27477	132379536
27478	1366381899
27479	2877697398
27480	2732767212
27481	575445823
27482	2030739714
27483	4040309984
27484	3234259863
27485	405318996
27486	1241923689
27487	3930427783
27488	2462207257
27489	759822344
27490	1148543061
27491	1645787289
27492	2653491526
27493	2408333017
27494	597007253
27495	1620934911
27496	307931721
27497	3816105010
27498	1072756432
27499	3572043756
27500	966059616
27501	285587943
27502	317653103
27503	4052206222
27504	3445306143
27505	4146539870
27506	532653795
27507	2226187556
27508	787983177
27509	4224862351
27510	970725531
27511	2714609554
27512	1701251907
27513	1126092461
27514	2047018777
27515	2684353078
27516	3971504419
27517	3243639349
27518	3172887527
27519	1768617725
27520	942549368
27521	1928054894
27522	1673101203
27523	3066338220
27524	654731502
27525	2690528850
27526	1629300520
27527	2078798587
27528	288956583
27529	4142020443
27530	532916963
27531	3189058603
27532	1132471735
27533	3224166368
27534	1758483559
27535	1089278521
27536	660031402
27537	1454018873
27538	238159178
27539	348449592
27540	3885418736
27541	2969877841
27542	3237688190
27543	1352935764
27544	3499197010
27545	765107183
27546	3847648202
27547	797408683
27548	1244150328
27549	812526514
27550	389889328
27551	153531964
27552	2989368178
27553	2583111227
27554	692989237
27555	1821118254
27556	927648602
27557	505089075
27558	3035511789
27559	2026151170
27560	2169070837
27561	3270589167
27562	257006544
27563	1844677654
27564	1152268659
27565	2866659455
27566	308761322
27567	874088632
27568	138917737
27569	1445840027
27570	2539451963
27571	3409418074
27572	4147564111
27573	2924223979
27574	1166138660
27575	1528035066
27576	150495050
27577	1404991706
27578	1673999583
27579	361275323
27580	4035601215
27581	2038406071
27582	64862376
27583	293411860
27584	1425153387
27585	3893832875
27586	4063492481
27587	4177140526
27588	2141276713
27589	1294129814
27590	512144878
27591	1085796387
27592	686537302
27593	953062019
27594	1413641409
27595	4117623499
27596	715363704
27597	1008240175
27598	591709182
27599	503875015
27600	1682949094
27601	2903861727
27602	3259561218
27603	1054463842
27604	2219761283
27605	634295525
27606	4003681127
27607	3925578323
27608	876546156
27609	1918325302
27610	2509546355
27611	94081884
27612	3367692468
27613	3409110820
27614	2556122528
27615	535638366
27616	3656162437
27617	1996043857
27618	2740283634
27619	2281911240
27620	3270450815
27621	552712529
27622	3465970765
27623	1607267920
27624	3108085741
27625	4085143027
27626	1396612905
27627	220698755
27628	3170567513
27629	3405872764
27630	1445911726
27631	2817276219
27632	926820654
27633	814066459
27634	373127836
27635	601621654
27636	669265731
27637	1989365846
27638	1201496163
27639	1181121875
27640	2792780452
27641	1838877301
27642	586657518
27643	2186886455
27644	2201702488
27645	1861217293
27646	3070641059
27647	909563228
27648	1083869704
27649	3563060657
27650	3090570360
27651	3039563021
27652	2504994792
27653	4239835721
27654	2315781959
27655	3384406776
27656	3929419913
27657	4118400996
27658	4059803062
27659	2056934918
27660	110880772
27661	2177063419
27662	3018471745
27663	959417911
27664	638388142
27665	762607654
27666	3375657455
27667	2448099398
27668	2387233145
27669	2217157701
27670	2805227592
27671	2462090649
27672	1162175274
27673	2436597433
27674	1135156536
27675	286524972
27676	2320934320
27677	3034915961
27678	350480658
27679	3835317044
27680	1114095931
27681	1094423065
27682	2300265767
27683	708109073
27684	1501202517
27685	1478825977
27686	2910744413
27687	2456979315
27688	910713153
27689	2661330603
27690	1916372048
27691	2753353396
27692	3090044734
27693	3122078706
27694	424032439
27695	849108224
27696	128892935
27697	3486601
27698	411081557
27699	955300342
27700	922495605
27701	1955201793
27702	707669058
27703	2025098154
27704	757435959
27705	4112977160
27706	888159302
27707	1142580412
27708	2990731927
27709	1049578057
27710	2476823648
27711	757436215
27712	2624777
27713	402694219
27714	1165441457
27715	76482232
27716	2852541947
27717	1077885836
27718	1015683141
27719	1446524116
27720	2365437131
27721	2689352509
27722	102858654
27723	1045684407
27724	4024105796
27725	1916648789
27726	2699548605
27727	4248910217
27728	948786685
27729	1459546332
27730	3943187355
27731	948787194
27732	1130649456
27733	490285455
27734	169741579
27735	138190142
27736	2371354675
27737	1444750335
27738	2910744413
27739	2456979315
27740	910713153
27741	2661330603
27742	747649145
27743	218410471
27744	2337711543
27745	2242843696
27746	2772244800
27747	1840375599
