86217	3204989385
86218	2003293036
86219	4237596447
86220	2060663885
86221	4101612352
86222	135984095
86223	482938295
86224	1577725590
86225	3792471777
86226	309140575
86227	2380879449
86228	2050071942
86229	2436778085
86230	2341127506
86231	3642827391
86232	2229865495
86233	1639993354
86234	2152478423
86235	1123003058
86236	3481104813
86237	2288551590
86238	92327859
86239	3653910591
86240	2691128647
86241	3707772338
86242	3023973043
86243	488314442
86244	1852813064
86245	1392269467
86246	2250557924
86247	3137017492
86248	3387815299
86249	1912493920
86250	4022466730
86251	4081409244
86252	2366036475
86253	1875518350
86254	3542452004
86255	2688238766
86256	792866047
86257	3981709914
86258	2601808972
86259	1310507823
86260	3076787332
86261	455735702
86262	3198174889
86263	3935845367
86264	3050250576
86265	1796325001
86266	1911447337
86267	1377687969
86268	1646285074
86269	247804949
86270	240509493
86271	3866668541
86272	2281111819
86273	849277294
86274	542992173
86275	906845185
86276	1343712739
86277	568168253
86278	2568849239
86279	763324287
86280	2624491012
86281	4237232211
86282	1970229005
86283	2481332148
86284	1541134582
86285	1773772277
86286	2307636967
86287	766827154
86288	1599209321
86289	160488694
86290	1715029656
86291	360517557
86292	3181934447
86293	2224324656
86294	463914110
86295	1885903679
86296	3201929664
86297	689821467
86298	3291888447
86299	3556946791
86300	3339829477
86301	571635574
86302	738872249
86303	1691814558
86304	1384972774
86305	220804423
86306	234931279
86307	196643774
86308	3001531115
86309	2819493589
86310	1116351778
86311	3388008925
86312	3957208947
86313	3606253958
86314	2485038339
86315	65244339
86316	1846202998
86317	3886631845
86318	1786023420
86319	2122718749
86320	3818533621
86321	1815855229
86322	2726917016
86323	3068421576
86324	1467055213
86325	2712771540
86326	1153897001
86327	3912168297
86328	2663910818
86329	2396936709
86330	2747307881
86331	2706788700
86332	2131170769
86333	983448091
86334	4218364390
86335	3255475631
86336	2383204404
86337	120470192
86338	447698061
86339	2469937386
86340	98911853
86341	398556875
86342	364767412
86343	4209056126
86344	2710402182
86345	4094396751
86346	142835460
86347	2713503122
86348	3551693179
86349	2711516517
86350	4064782927
86351	2909529501
86352	2926572377
86353	1407770309
86354	366001968
86355	398695079
86356	1908941888
86357	1440687418
86358	3621107032
86359	3511526259
86360	2382650358
86361	1997938464
86362	2457517526
86363	3589962911
86364	2420034041
86365	3483728591
86366	1171756262
86367	3861271898
86368	3615629845
86369	2695068339
86370	3824223613
86371	1065698556
86372	3693182850
86373	784416754
86374	1101486925
86375	3376336121
86376	4120560839
86377	2020281909
86378	2964506854
86379	1292056002
86380	1999832445
86381	726828349
86382	2830118442
86383	2460829999
86384	878999478
86385	2973749532
86386	1892853338
86387	3582764703
86388	1451074842
86389	477016083
86390	1214798475
86391	2170606264
86392	3509333806
86393	2143144356
86394	2372627363
86395	2508014297
86396	2021884278
86397	808898624
86398	3682712446
86399	2419478917
86400	582052198
86401	2730134313
86402	89359276
86403	2421744950
86404	2989574124
86405	2295220849
86406	1092788076
86407	3960891420
86408	4291284823
86409	2699365877
86410	906888081
86411	2712140767
86412	4067864868
86413	798542647
86414	3561668988
86415	3216948718
86416	2924221576
86417	3320691013
86418	565940832
86419	1866472280
86420	4214518436
86421	166893728
86422	1955825021
86423	3655969544
86424	162564077
86425	3808471094
86426	2302351431
86427	3009476419
86428	4012407893
86429	3262977520
86430	4100411352
86431	867129187
86432	599926026
86433	4118640426
86434	2889098410
86435	1596281788
86436	3852582509
86437	3127180142
86438	784988155
86439	3094522453
86440	3864355661
86441	503097990
86442	1893838719
86443	451639771
86444	2295668110
86445	2679522908
86446	27265792
86447	548963533
86448	1582207236
86449	3512257299
86450	1766158088
86451	1821149180
86452	2397215210
86453	3082712240
86454	172763391
86455	677534961
86456	1705669443
86457	3651380841
86458	764056647
86459	1928767055
86460	2813898302
86461	4090166523
86462	2674738159
86463	486417806
86464	3907461343
86465	2932932430
86466	1760591741
86467	2155589149
86468	2504145559
86469	4133660627
86470	75395499
86471	3492112997
86472	3513256481
86473	1528543340
86474	2565853411
86475	3547683379
86476	890119377
86477	2678199637
86478	35303485
86479	3277911735
86480	273781444
86481	2412634070
86482	298882447
86483	941232291
86484	3123550636
86485	3771321870
86486	3433174927
86487	1182369693
86488	1744202684
86489	1105425430
86490	302344879
86491	288431392
86492	77570576
86493	2466652845
86494	2227009530
86495	2393970225
86496	3809938959
86497	1166055020
86498	274632398
86499	3309706298
86500	311400734
86501	2070164797
86502	1441361462
86503	3380895578
86504	3296722076
86505	2558094741
86506	3734811019
86507	4031914050
86508	2720570772
86509	145935871
86510	3444027040
86511	2875927459
86512	3839073878
86513	1324140840
86514	2159587751
86515	1937302117
86516	3529421441
86517	1209048054
86518	2652223844
86519	2719097141
86520	896532704
86521	972378651
86522	1722689688
86523	304135632
86524	3520087981
86525	1587831333
86526	3772834519
86527	744523421
86528	2948659429
86529	1934678754
86530	3144705296
86531	3358530315
86532	2037923906
86533	2571686192
86534	804649929
86535	1282603250
86536	2837957589
86537	828764611
86538	1191517298
86539	3836721837
86540	3422752313
86541	1488735763
86542	4098287535
86543	2775166439
86544	3519633302
86545	2375703698
86546	2646091947
86547	2972379280
86548	4152706458
86549	1513767577
86550	947062422
86551	789563852
86552	89435626
86553	670723129
86554	2303026403
86555	1273060173
86556	619793165
86557	1188640650
86558	2394124053
86559	2184304439
86560	3561737699
86561	2994647632
86562	1777335747
86563	519320344
86564	695478131
86565	3268078830
86566	3197494730
86567	456248060
86568	3053085746
86569	3900577779
86570	2537533873
86571	696188386
86572	1676438977
86573	2531756820
86574	4271224773
86575	946223636
86576	1075660642
86577	2814600688
86578	2289265232
86579	196585130
86580	3486127316
86581	1632619730
86582	786859187
86583	1288994385
86584	3588025109
86585	1618320804
86586	1111813509
86587	3525678830
86588	858647742
86589	497342774
86590	1924402176
86591	495746741
86592	2493827383
86593	2932312170
86594	3657875975
86595	3698284319
86596	1689471053
86597	3980725845
86598	4275132871
86599	1764498813
86600	2526786010
86601	1989866433
86602	709499444
86603	2925363569
86604	2276491808
86605	1369671875
86606	1342468892
86607	4068075543
86608	4294756621
86609	345141858
86610	453400789
86611	1131779388
86612	2429889600
86613	416484412
86614	2800464306
86615	2561767837
86616	362453739
86617	3898320885
86618	3717337424
86619	1202597490
86620	3658310638
86621	2737623945
86622	3423815631
86623	3452054825
86624	762463611
86625	3877663444
86626	584197580
86627	809981027
86628	1145843994
86629	3823746606
86630	4127190234
86631	1533458756
86632	2924072617
86633	918764034
86634	2889707060
86635	932011783
86636	1370339648
86637	3502039831
86638	3802403884
86639	2568129622
86640	1444278271
86641	3108085998
86642	154891522
86643	659832477
86644	3440578875
86645	1199374998
86646	3962721485
86647	1017652418
86648	3877240904
86649	4187576041
86650	4226031681
86651	4143299409
86652	3040766297
86653	636749101
86654	959532687
86655	4117425364
86656	4030124441
86657	2367829882
86658	759350260
86659	590458630
86660	194529525
86661	863803771
86662	2230718682
86663	1120266811
86664	2744088850
86665	3377429805
86666	1420635481
86667	3499330384
86668	2689475631
86669	2862099733
86670	1884507334
86671	820987763
86672	1474680347
86673	1646498782
