14456	2775859523
14457	913544399
14458	2342383658
14459	2866128037
14460	311547671
14461	2030835987
14462	2844974642
14463	21153395
14464	347001128
14465	4259513839
14466	3216561243
14467	3109242040
14468	2149934178
14469	695040464
14470	2238372346
14471	2077748345
14472	1622662677
14473	3019305747
14474	2497840537
14475	1761673302
14476	3668479913
14477	3843048626
14478	1463980928
14479	1645261112
14480	3431866276
14481	3013035198
14482	2330215529
14483	2659792231
14484	925140446
14485	1313231900
14486	678283901
14487	1399464444
14488	2578755953
14489	3338874020
14490	155524136
14491	2863781611
14492	1627248266
14493	870592271
14494	2416833351
14495	3639807247
14496	361365322
14497	3307114591
14498	1301157844
14499	2541890782
14500	1909173543
14501	3849774681
14502	3882506142
14503	2057722266
14504	2578696514
14505	853169762
14506	898665735
14507	2114369463
14508	286946599
14509	2043268930
14510	3697434491
14511	3257325036
14512	1120693965
14513	4099413777
14514	3561187597
14515	2047011599
14516	1601480451
14517	3371770746
14518	3476719583
14519	2217712157
14520	3356581031
14521	3517142218
14522	3789732479
14523	3844108837
14524	3783646373
14525	666845059
14526	3146938051
14527	4011810856
14528	1200919826
14529	426328440
14530	2728091049
14531	2437468518
14532	4210498810
14533	2501301837
14534	2245216706
14535	1394590541
14536	3406802491
14537	1249530127
14538	2301921370
14539	1005193221
14540	2862941015
14541	2733184125
14542	3332252045
14543	3504606033
14544	278580465
14545	1630593078
14546	2893963841
14547	955810840
14548	1064851203
14549	2817654939
14550	3633381067
14551	2719308495
14552	2541496458
14553	37200056
14554	4285029302
14555	863107756
14556	4109714875
14557	1083918156
14558	1838213107
14559	276156356
14560	2482564493
14561	2099349402
14562	1693436038
14563	349832892
14564	2291914292
14565	1405520199
14566	4244079297
14567	3308213035
14568	1776082402
14569	3639578859
14570	877384176
14571	3222029601
14572	2794330350
14573	766857247
14574	2217942164
14575	4124036731
14576	349832892
14577	1251647559
14578	74892029
14579	3296878717
14580	2758841351
14581	717878232
14582	3685335085
14583	2827344368
14584	436404559
14585	2920176472
14586	646537956
14587	2870604262
14588	444472127
14589	3345260352
14590	3708099107
14591	136009730
14592	3721975566
14593	61670807
14594	2847762080
14595	2114050275
14596	586608770
14597	2560329281
14598	295656658
14599	3716154198
14600	157575358
14601	1043344468
14602	728606423
14603	3992689313
14604	2065605161
14605	662485888
14606	359406822
14607	2078061696
14608	3883236191
14609	327262619
14610	2694064280
14611	4102204853
14612	840904849
14613	1404311857
14614	1968131407
14615	3721426430
14616	3076073362
14617	330729129
14618	4146736672
14619	1397760751
14620	2007631796
14621	294289574
14622	2320456813
14623	2979703704
14624	1242730024
14625	1620210991
14626	2706211105
14627	26973020
14628	3535399083
14629	4091820258
14630	3734526815
14631	4065046514
14632	1596884372
14633	2976663389
14634	3478460395
14635	2447099979
14636	2277976835
14637	615987006
14638	1659258736
14639	3591519400
14640	940716020
14641	124135183
14642	1076767826
14643	1740887113
14644	974749490
14645	2658631577
14646	2382618038
14647	336690457
14648	2773543973
14649	4062919781
14650	3980204287
14651	351963065
14652	1835166085
14653	2449863217
14654	1405221439
14655	3752853613
14656	1821770684
14657	2287944191
14658	3977889656
14659	1400995796
14660	1528789557
14661	309423550
14662	972350945
14663	3598772707
14664	1421681508
14665	1060882985
14666	4185797702
14667	2208518996
14668	3008374840
14669	2980028494
14670	1072756432
14671	3572043756
14672	374758148
14673	1917156144
14674	1273140663
14675	132379536
14676	1366381899
14677	2877697398
14678	2732767212
14679	575445823
14680	2030739714
14681	4040309984
14682	3234259863
14683	405318996
14684	1241923689
14685	3930427783
14686	2462207257
14687	759822344
14688	1148543061
14689	1645787289
14690	2653491526
14691	2408333017
14692	597007253
14693	1620934911
14694	307931721
14695	3816105010
14696	1072756432
14697	3572043756
14698	966059616
14699	285587943
14700	317653103
14701	4052206222
14702	3445306143
14703	4146539870
14704	532653795
14705	2226187556
14706	787983177
14707	4224862351
14708	970725531
14709	2714609554
14710	1701251907
14711	1126092461
14712	2047018777
14713	2684353078
14714	3971504419
14715	3243639349
14716	3172887527
14717	1768617725
14718	942549368
14719	1928054894
14720	1673101203
14721	3066338220
14722	654731502
14723	2690528850
14724	1629300520
14725	2078798587
14726	288956583
14727	4142020443
14728	532916963
14729	3189058603
14730	1132471735
14731	3224166368
14732	1758483559
14733	1089278521
14734	660031402
14735	1454018873
14736	238159178
14737	348449592
14738	3885418736
14739	2969877841
14740	3237688190
14741	1352935764
14742	2575820992
14743	1140333206
14744	3069311145
14745	1383231509
14746	2554721045
14747	2783590719
14748	1195188527
14749	3828385192
14750	50571845
14751	3942117468
14752	1195681765
14753	869923396
14754	1464567463
14755	3492885721
14756	1618616635
14757	3035757483
14758	993302603
14759	1084759093
14760	2233338421
14761	1649897770
14762	895395307
14763	3726834608
14764	1312537943
14765	1381526337
14766	375372290
14767	3726832563
14768	2118010446
14769	3017861699
14770	444927338
14771	959384519
14772	518848627
14773	1449282780
14774	4260723620
14775	3755670106
14776	1043274116
14777	2032799246
14778	51449439
14779	279279690
14780	2315262481
14781	1831474191
14782	1061125557
14783	336635194
14784	1301673744
14785	705958052
14786	340345118
14787	4248911752
14788	705958007
14789	1614498806
14790	1748247156
14791	1231456548
14792	2233074486
14793	3304622834
14794	3561780539
14795	2353397748
14796	473314554
14797	2232896551
14798	1411195903
14799	2910744413
14800	2456979315
14801	1078419768
14802	3132598955
14803	959221303
14804	755827883
14805	2978698932
14806	2972049253
14807	1092997261
14808	14667103
14809	1582217269
14810	622611314
14811	2354052075
14812	4072797945
14813	3700629746
14814	2533094636
14815	4208972639
14816	2329692458
14817	4243251673
14818	3120035829
14819	1790918473
14820	707326320
14821	951932416
14822	4040932824
14823	3845553872
14824	4238782979
14825	996900337
