16509	1221525424
16510	913544399
16511	2342383658
16512	2866128037
16513	311547671
16514	2030835987
16515	2844974642
16516	21153395
16517	347001128
16518	4259513839
16519	3216561243
16520	3109242040
16521	2149934178
16522	695040464
16523	2238372346
16524	2077748345
16525	1622662677
16526	3019305747
16527	2497840537
16528	1761673302
16529	3668479913
16530	3843048626
16531	1463980928
16532	1645261112
16533	3431866276
16534	3013035198
16535	2330215529
16536	2659792231
16537	925140446
16538	1313231900
16539	678283901
16540	1399464444
16541	2578755953
16542	3338874020
16543	155524136
16544	2863781611
16545	1627248266
16546	870592271
16547	2416833351
16548	3639807247
16549	361365322
16550	3307114591
16551	1301157844
16552	2541890782
16553	1909173543
16554	3849774681
16555	3882506142
16556	2057722266
16557	2578696514
16558	853169762
16559	898665735
16560	2114369463
16561	286946599
16562	2043268930
16563	3697434491
16564	3257325036
16565	1120693965
16566	4099413777
16567	3561187597
16568	2047011599
16569	1601480451
16570	3371770746
16571	3476719583
16572	2217712157
16573	3356581031
16574	3517142218
16575	3789732479
16576	3844108837
16577	3783646373
16578	666845059
16579	3146938051
16580	4011810856
16581	1200919826
16582	426328440
16583	2728091049
16584	2437468518
16585	4210498810
16586	2501301837
16587	2245216706
16588	1394590541
16589	3406802491
16590	1249530127
16591	2301921370
16592	1005193221
16593	2862941015
16594	2733184125
16595	3332252045
16596	3504606033
16597	278580465
16598	1630593078
16599	2893963841
16600	955810840
16601	1064851203
16602	2817654939
16603	3633381067
16604	2719308495
16605	2541496458
16606	37200056
16607	4285029302
16608	863107756
16609	4109714875
16610	1083918156
16611	1838213107
16612	276156356
16613	2482564493
16614	2099349402
16615	1693436038
16616	349832892
16617	2291914292
16618	1405520199
16619	4244079297
16620	3308213035
16621	1776082402
16622	3639578859
16623	877384176
16624	3222029601
16625	2794330350
16626	766857247
16627	2217942164
16628	4124036731
16629	349832892
16630	1251647559
16631	74892029
16632	3296878717
16633	2758841351
16634	717878232
16635	3685335085
16636	2827344368
16637	436404559
16638	2920176472
16639	646537956
16640	2870604262
16641	444472127
16642	3345260352
16643	3708099107
16644	136009730
16645	3721975566
16646	61670807
16647	2847762080
16648	2114050275
16649	586608770
16650	2560329281
16651	295656658
16652	3716154198
16653	157575358
16654	1043344468
16655	728606423
16656	3992689313
16657	2065605161
16658	662485888
16659	359406822
16660	2078061696
16661	3883236191
16662	327262619
16663	2694064280
16664	4102204853
16665	840904849
16666	1404311857
16667	1968131407
16668	3721426430
16669	3076073362
16670	330729129
16671	4146736672
16672	1397760751
16673	2007631796
16674	294289574
16675	2320456813
16676	2979703704
16677	1242730024
16678	1620210991
16679	2706211105
16680	26973020
16681	3535399083
16682	4091820258
16683	3734526815
16684	4065046514
16685	1596884372
16686	2976663389
16687	3478460395
16688	2447099979
16689	2277976835
16690	615987006
16691	1659258736
16692	3591519400
16693	940716020
16694	124135183
16695	1076767826
16696	1740887113
16697	974749490
16698	2658631577
16699	2382618038
16700	336690457
16701	2773543973
16702	4062919781
16703	3980204287
16704	351963065
16705	1835166085
16706	2449863217
16707	1405221439
16708	3752853613
16709	1821770684
16710	2287944191
16711	3977889656
16712	1400995796
16713	1528789557
16714	309423550
16715	972350945
16716	3598772707
16717	1421681508
16718	1060882985
16719	4185797702
16720	2208518996
16721	3008374840
16722	2980028494
16723	1072756432
16724	3572043756
16725	374758148
16726	1917156144
16727	1273140663
16728	132379536
16729	1366381899
16730	2877697398
16731	2732767212
16732	575445823
16733	2030739714
16734	4040309984
16735	3234259863
16736	405318996
16737	1241923689
16738	3930427783
16739	2462207257
16740	759822344
16741	1148543061
16742	1645787289
16743	2653491526
16744	2408333017
16745	597007253
16746	1620934911
16747	307931721
16748	3816105010
16749	1072756432
16750	3572043756
16751	966059616
16752	285587943
16753	317653103
16754	4052206222
16755	3445306143
16756	4146539870
16757	532653795
16758	2226187556
16759	787983177
16760	4224862351
16761	970725531
16762	2714609554
16763	1701251907
16764	1126092461
16765	2047018777
16766	2684353078
16767	3971504419
16768	3243639349
16769	3172887527
16770	1768617725
16771	942549368
16772	1928054894
16773	1673101203
16774	3066338220
16775	654731502
16776	2690528850
16777	1629300520
16778	2078798587
16779	288956583
16780	4142020443
16781	532916963
16782	3189058603
16783	1132471735
16784	3224166368
16785	1758483559
16786	1089278521
16787	660031402
16788	1454018873
16789	238159178
16790	348449592
16791	3885418736
16792	2969877841
16793	3237688190
16794	1352935764
16795	2575820992
16796	1140333206
16797	3069311145
16798	1383231509
16799	2554721045
16800	2783590719
16801	1195188527
16802	3828385192
16803	50571845
16804	3942117468
16805	1195681765
16806	869923396
16807	1464567463
16808	3492885721
16809	1618616635
16810	3035757483
16811	993302603
16812	1084759093
16813	2233338421
16814	1649897770
16815	895395307
16816	3726834608
16817	1312537943
16818	1381526337
16819	375372290
16820	3726832563
16821	2118010446
16822	3017861699
16823	444927338
16824	959384519
16825	518848627
16826	1449282780
16827	4260723620
16828	3755670106
16829	1043274116
16830	2032799246
16831	51449439
16832	279279690
16833	2315262481
16834	1831474191
16835	1061125557
16836	336635194
16837	1301673744
16838	705958052
16839	340345118
16840	4248911752
16841	705958007
16842	1614498806
16843	1748247156
16844	1231456548
16845	2233074486
16846	3304622834
16847	3561780539
16848	2353397748
16849	473314554
16850	2232896551
16851	1411195903
16852	2910744413
16853	2456979315
16854	1078419768
16855	3132598955
16856	959221303
16857	755827883
16858	2978698932
16859	2972049253
16860	1092997261
16861	14667103
16862	1582217269
16863	622611314
16864	2354052075
16865	4072797945
16866	3700629746
16867	2533094636
16868	4208972639
16869	2329692458
16870	4243251673
16871	3120035829
16872	1790918473
16873	707326320
16874	951932416
16875	4040932824
16876	3845553872
16877	4238782979
16878	996900337
16879	3036133114
16880	1382969365
16881	2554458903
16882	2817276219
16883	926820654
16884	814066459
16885	373127836
16886	601621654
16887	669265731
16888	1989365846
16889	1201496163
16890	1181121875
16891	2792780452
16892	1838877301
16893	586657518
16894	2186886455
16895	2201702488
16896	1861217293
16897	3070641059
16898	909563228
16899	1083869704
16900	3563060657
16901	3090570360
16902	3039563021
16903	2504994792
16904	4239835721
16905	2315781959
16906	3384406776
16907	3929419913
16908	4118400996
16909	4059803062
16910	2056934918
16911	110880772
16912	2177063419
16913	3018471745
16914	959417911
16915	638388142
16916	762607654
16917	3375657455
16918	2448099398
16919	2387233145
16920	2217157701
16921	2805227592
16922	2462090649
16923	1162175274
16924	2436597433
16925	1135156536
16926	286524972
16927	2320934320
16928	3034915961
16929	350480658
16930	3835317044
16931	1114095931
16932	1094423065
16933	2300265767
16934	708109073
16935	1501202517
16936	1478825977
16937	2910744413
16938	2456979315
16939	910713153
16940	2661330603
16941	1916372048
16942	2753353396
16943	3090044734
16944	3122078706
16945	424032439
16946	849108224
16947	128892935
16948	3486601
16949	411081557
16950	955300342
16951	922495605
16952	1955201793
16953	707669058
16954	2025098154
16955	757435959
16956	4112977160
16957	888159302
16958	1142580412
16959	2990731927
16960	1049578057
16961	2476823648
16962	757436215
16963	2624777
16964	402694219
16965	1165441457
16966	76482232
16967	2852541947
16968	1077885836
16969	1015683141
16970	1446524116
16971	2365437131
16972	2689352509
16973	102858654
16974	1045684407
16975	4024105796
16976	1916648789
16977	2699548605
16978	4248910217
16979	948786685
16980	1459546332
16981	3943187355
16982	948787194
16983	1130649456
16984	490285455
16985	169741579
16986	138190142
16987	2371354675
16988	1444750335
16989	2910744413
16990	2456979315
16991	910713153
16992	2661330603
16993	747649145
16994	218410471
16995	2337711543
16996	2242843696
16997	2772244800
16998	1840375599
16999	1060932954
17000	2991273268
17001	1124067812
17002	2321238331
17003	3319483829
17004	827056041
17005	104506602
17006	428147193
17007	3737564914
17008	2783589938
17009	956288845
17010	4126661628
17011	150290659
17012	4074571692
17013	4070591554
17014	1195101273
17015	4157508941
17016	2852067909
17017	387536289
17018	1313715618
17019	4248910729
17020	1172149028
17021	4041720306
17022	2300265767
17023	2680397649
17024	3955429
17025	4191947951
17026	4074523764
17027	373696388
17028	2869942961
17029	2852197958
17030	320689569
17031	718736374
17032	1049881351
17033	943991436
17034	4293525228
17035	1062366831
17036	865688063
17037	84603397
17038	1588497806
17039	1956468313
17040	1109869907
17041	2895753386
17042	2053945412
17043	3896182240
17044	3089313906
17045	830860832
17046	798439688
17047	814065948
17048	1264732639
17049	4176143580
17050	407780299
17051	3315357362
17052	826663081
17053	104768746
17054	428148217
17055	3754473202
17056	3729552697
17057	1077641403
17058	54830332
17059	1082792005
17060	2141374363
17061	3703181102
17062	2350269753
17063	1140204952
17064	4244040865
17065	504800171
17066	155231231
17067	2321238071
17068	3427748098
17069	3774689266
17070	758437208
17071	3790662593
17072	852754295
17073	32293586
17074	3853125150
17075	1028091177
17076	1941786664
17077	116519899
17078	3121168291
17079	2716540949
17080	2931362111
17081	1094158618
17082	2405038392
17083	2370720691
17084	2689353788
17085	2320976955
17086	1526671247
17087	4026283932
17088	1066092047
17089	99657967
17090	1144492361
17091	2980951111
17092	2126542699
17093	3589729792
17094	1095126832
17095	3539610168
17096	908889092
17097	4180206796
17098	3104128678
17099	3460376902
17100	3417701621
17101	462178296
17102	230810941
17103	967985977
17104	853132277
17105	4074392943
17106	1148222955
17107	2833508391
17108	1966547980
17109	3401512885
17110	3928966200
17111	1452767089
17112	573384081
17113	1426467084
17114	742603753
17115	2226494903
17116	1044094264
17117	3895655137
17118	656318703
17119	1498265653
17120	346412001
17121	4013836140
17122	1433399815
17123	950416952
17124	1916242503
17125	2233008950
17126	2370719668
17127	2868789567
17128	2300266361
17129	3384385056
17130	1049499977
17131	1442394779
17132	3445248
17133	121874685
17134	2417577278
17135	4248279639
17136	3456105731
17137	3053273400
17138	1094290711
17139	3717605365
17140	3501585910
17141	1015700291
17142	150438369
17143	2970736564
17144	2852265798
17145	320558753
17146	4124903593
17147	1034419520
17148	370572186
17149	635241884
17150	1038757699
17151	862299914
17152	3793942705
17153	327273301
17154	3708327914
17155	3861857342
17156	2471516025
17157	2640340027
17158	1719489645
17159	1987224938
17160	2601154218
17161	4222939448
17162	1497181235
17163	2283428217
17164	1610404658
17165	2180459852
17166	1883032629
17167	419883836
17168	3757256690
17169	3629645109
17170	2806598900
17171	133255063
17172	1160874751
17173	3789474489
17174	1017637685
17175	2231565608
17176	3149198075
17177	1966715477
17178	3014789121
17179	4248909964
17180	999119351
17181	183861282
17182	1229780127
17183	1335495903
17184	2782127596
17185	2689354044
17186	2320976956
17187	4176076034
17188	1127131437
17189	739041792
17190	4147634686
17191	1160217880
17192	3638624431
17193	844948137
17194	838000957
17195	3579211494
17196	3619617529
17197	3497342481
17198	4057186033
17199	4255140939
17200	1094290199
17201	2350400807
17202	4164327772
17203	3725177022
17204	1204085799
17205	1287140949
17206	2716540178
17207	2830829116
17208	1094749207
17209	2606105129
17210	2565408323
17211	959025719
17212	959299583
17213	138190654
17214	2371355701
17215	1478304767
17216	2910744413
17217	2456979315
17218	910713153
17219	2661330603
17220	747780217
17221	218410985
17222	2337711543
17223	2242909488
17224	2587696174
17225	1840441903
17226	1815720534
17227	2985640962
17228	3305370191
17229	3090568524
17230	3944682406
17231	3759668639
17232	2817209897
17233	184297686
17234	3086153129
17235	1966715477
17236	2880964348
17237	1094749207
17238	2371221558
17239	3050102281
17240	2852132935
17241	3090568780
17242	17516961
17243	3119774384
17244	965368643
17245	311664873
17246	1084948032
17247	407649933
17248	4108016118
17249	937295910
17250	2233271603
17251	200884185
17252	3204988579
17253	99766173
17254	1346145553
17255	1452845208
17256	1364431011
17257	1856853334
17258	3364934616
17259	2884064140
17260	2224969615
17261	2949878848
17262	1718216284
17263	2224969535
17264	2671619415
17265	2588846757
17266	2375386270
17267	3015678085
17268	3268655057
17269	2262419101
17270	3234044358
17271	3654211776
17272	1821877395
17273	3198067661
17274	3889680087
17275	3536245206
17276	2597599391
17277	2656655000
17278	2224969814
17279	2842602839
17280	3639250912
17281	3634415316
17282	2862254468
17283	3478738576
17284	2677446013
17285	1722128462
17286	1348512597
17287	2526230132
17288	2678300392
17289	2504340842
17290	2874496158
17291	1118525809
17292	2444534848
17293	949791681
17294	2140778679
17295	981299771
17296	2058263250
17297	933665443
17298	1571329349
17299	1484139111
17300	2755696610
17301	996764530
17302	1319017429
17303	1448320602
17304	1936086174
17305	2526532664
17306	1402887249
17307	1571133253
17308	2547267743
17309	2656915813
17310	1402887249
17311	2487070042
17312	3864832172
17313	1497274021
17314	2908574047
17315	3823800683
17316	2648230032
17317	1436067994
17318	1582403751
17319	2597599391
17320	2656785816
17321	2224970325
17322	2708385113
17323	3637022931
17324	1420552019
17325	2424610390
17326	951047065
17327	929458666
17328	1518640732
17329	951165151
17330	1436067994
17331	3008978322
17332	3503146675
17333	3720333506
17334	3379861382
17335	3554788032
17336	3202269913
17337	1751552364
17338	3705590206
17339	3167869415
17340	3563695314
17341	2555287706
17342	2874836126
17343	2427083396
17344	2154408872
17345	2730940632
17346	3884960984
17347	1586529450
17348	1448386511
17349	1936276093
17350	2709171861
17351	2553783967
17352	1281533077
17353	2564042587
17354	2845020640
17355	2732734641
17356	2656655720
17357	951164813
17358	1349100954
17359	1499030184
17360	3504046185
17361	3571229382
17362	2224940431
17363	2559349329
17364	3214443944
17365	3552039377
17366	3653672332
17367	3281634991
17368	3470311620
17369	2544145321
17370	2661535128
17371	3620657106
17372	3335640793
17373	3432986024
17374	2778353320
17375	1655331924
17376	1098021472
17377	2140255396
17378	949789338
17379	2140778679
17380	981300027
17381	2963316329
17382	1755683406
17383	1348709211
17384	3795366309
17385	1515219365
17386	2908640866
17387	2829247032
17388	1469206865
17389	2929344173
17390	1776704680
17391	2454797718
17392	2795469920
17393	3701838800
17394	1515624101
17395	2454802782
17396	3795366307
17397	1532401832
17398	3470234522
17399	3739006161
17400	2581059289
17401	2597599391
17402	2454803864
17403	1535417947
17404	2577559213
17405	3818772385
17406	1364354213
17407	2911015044
17408	2526532664
17409	1402886994
17410	1587844933
17411	3795366305
17412	1549179048
17413	3470234522
17414	3301556422
17415	2597599391
17416	2454804120
17417	1535417948
17418	2762174125
17419	2744798892
17420	1952862623
17421	3654525306
17422	1805883447
17423	2454804829
17424	1916644699
17425	1083892359
17426	1768649588
17427	2896224824
17428	2476628308
17429	3795366304
17430	1515284133
17431	2946011958
17432	2795479454
17433	1452298553
17434	913138578
17435	1319936226
17436	1369416283
17437	1954393433
17438	2443432517
17439	1803055999
17440	3537595704
17441	2588845734
17442	1435260062
17443	3433262765
17444	2778353320
17445	913400916
17446	1786147689
17447	2829247032
17448	1419663185
17449	2654907739
17450	2588846242
17451	2807452830
17452	2947060798
17453	1718216284
17454	2224971071
17455	2654907733
17456	2588846757
17457	2828633246
17458	2596983506
17459	2560283704
17460	2224969047
17461	1535417950
17462	2929290925
17463	1776704680
17464	2656452758
17465	1051548241
17466	1319806434
17467	2525273687
17468	3214443944
17469	3552039377
17470	3653672332
17471	3281634991
17472	3470311620
17473	2544145321
17474	2661535128
17475	3620657106
17476	3335640793
17477	3560480721
17478	1482135720
17479	2656524176
17480	1856853591
17481	3935293659
17482	2697385180
17483	3881010333
17484	2656800659
17485	3248439711
17486	3818772385
17487	2656851115
17488	3478491780
17489	2699180209
17490	2656720041
17491	2058327443
17492	932945825
17493	2740359249
17494	2678675859
17495	951166369
17496	1370071962
17497	1419747931
17498	1899735898
17499	2444534848
17500	2677488489
17501	2778222230
17502	1621251668
17503	2167827298
17504	2555287191
17505	2824230046
17506	913334868
17507	1318492116
17508	1465097822
17509	1734235294
17510	3517020847
17511	2744661926
17512	1381999702
17513	1616010923
17514	2829247032
17515	1419663953
17516	2654907739
17517	2588847264
17518	1481744290
17519	2745269677
17520	2744798892
17521	2723893663
17522	1433615278
17523	1083417554
17524	1768650355
17525	1786278761
17526	2896224824
17527	2678807121
17528	2929875793
17529	2829247032
17530	1419663697
17531	2755571034
17532	2711545290
17533	1362913185
17534	2678807121
17535	951164813
17536	1349100954
17537	1515217830
17538	1165179819
17539	2140255396
17540	2158667329
17541	1722128974
17542	2469818977
17543	2711546065
17544	1362977699
17545	1839416652
17546	2829247032
17547	1419664977
17548	1450277984
17549	1083548626
17550	1768649332
17551	1786409833
17552	2829247032
17553	1419664464
17554	3594039206
17555	2553767529
17556	2791081118
17557	2677772862
17558	2561185870
17559	1385211740
17560	2908313488
17561	2829899320
17562	2527434807
17563	1365289052
17564	3795366307
17565	1549244584
17566	2830326109
17567	3520122310
17568	2363342792
17569	2949215383
17570	3302220226
17571	2847858370
17572	2556978833
17573	3537690321
17574	3653030361
17575	3520358828
17576	2828553880
17577	2427083908
17578	1469098332
17579	3682625946
17580	3701655256
17581	2649198540
17582	2476629588
17583	2681167250
17584	2412239734
17585	2884064140
17586	2224969104
17587	2948769857
17588	2610930078
17589	1452298558
17590	2723845022
17591	2980618621
17592	1722128974
17593	1348512598
17594	1966844764
17595	2444534848
17596	2677095529
17597	2778222230
17598	1621513812
17599	2167828322
17600	2555287191
17601	2841007262
17602	913465940
17603	2666058145
17604	1063494552
17605	2656850272
17606	2715758427
