81173	1177845394
81174	807162715
81175	1093255270
81176	4008874741
81177	4090770098
81178	1297452468
81179	2431149151
81180	1577725590
81181	3792471777
81182	309140575
81183	2380879449
81184	2050071942
81185	3137508068
81186	2341127506
81187	3642827391
81188	2229865495
81189	1639993354
81190	2152478423
81191	1123003058
81192	3481104813
81193	2288551590
81194	92327859
81195	3653910591
81196	2691128647
81197	3682202184
81198	3750273180
81199	488314442
81200	1852813064
81201	1392269467
81202	2250557924
81203	3137017492
81204	3387815299
81205	1912493920
81206	4022466730
81207	4081409244
81208	2366036475
81209	1875518350
81210	3542452004
81211	2688238766
81212	792866047
81213	3981709914
81214	2601808972
81215	1310507823
81216	3076787332
81217	455735702
81218	3198174889
81219	3935845367
81220	3050250576
81221	2594119506
81222	1088082678
81223	2103988106
81224	1646285074
81225	247804949
81226	240509493
81227	3866668541
81228	2281111819
81229	849277294
81230	542992173
81231	906845185
81232	1343712739
81233	568168253
81234	2568849239
81235	763324287
81236	2624491012
81237	4237232211
81238	1970229005
81239	2481332148
81240	1541134582
81241	1773772277
81242	2307636967
81243	766827154
81244	1599209321
81245	160488694
81246	1715029656
81247	360517557
81248	3181934447
81249	2224324656
81250	463914110
81251	1885903679
81252	3201929664
81253	689821467
81254	3291888447
81255	3556946791
81256	3339829477
81257	571635574
81258	738872249
81259	1691814558
81260	1384972774
81261	220804423
81262	234931279
81263	196643774
81264	3001531115
81265	2819493589
81266	1116351778
81267	3388008925
81268	3957208947
81269	4032289914
81270	2856796888
81271	1250284201
81272	4132765773
81273	823101510
81274	1280886596
81275	2122718749
81276	3818533621
81277	1815855229
81278	2726917016
81279	3068421576
81280	1467055213
81281	2712771540
81282	1153897001
81283	3912168297
81284	2663910818
81285	2396936709
81286	2747307881
81287	2706788700
81288	2131170769
81289	983448091
81290	4218364390
81291	3255475631
81292	2383204404
81293	120470192
81294	447698061
81295	2469937386
81296	98911853
81297	398556875
81298	364767412
81299	4209056126
81300	2710402182
81301	4094396751
81302	142835460
81303	2713503122
81304	3551693179
81305	2711516517
81306	4064782927
81307	2909529501
81308	2926572377
81309	1407770309
81310	366001968
81311	398695079
81312	1908941888
81313	1440687418
81314	3621107032
81315	3511526259
81316	2382650358
81317	1997938464
81318	2457517526
81319	3589962911
81320	2420034041
81321	3483728591
81322	1171756262
81323	3861271898
81324	3615629845
81325	2695068339
81326	3824223613
81327	1065698556
81328	3693182850
81329	784416754
81330	1101486925
81331	3376336121
81332	4120560839
81333	2020281909
81334	2964506854
81335	1292056002
81336	1999832445
81337	726828349
81338	2830118442
81339	2460829999
81340	878999478
81341	2973749532
81342	1892853338
81343	3582764703
81344	1451074842
81345	477016083
81346	1214798475
81347	2170606264
81348	3509333806
81349	2143144356
81350	2372627363
81351	2508014297
81352	2021884278
81353	808898624
81354	3682712446
81355	2419478917
81356	582052198
81357	2730134313
81358	89359276
81359	2421744950
81360	2989574124
81361	2295220849
81362	1092788076
81363	3960891420
81364	4291284823
81365	526130255
81366	3506159659
81367	2490646031
81368	366150857
81369	521693806
81370	728590395
81371	1779549093
81372	2353216680
81373	466738394
81374	356363116
81375	2477834153
81376	3098019739
81377	166893728
81378	1955825021
81379	3655969544
81380	162564077
81381	3808471094
81382	2302351431
81383	3009476419
81384	4012407893
81385	3262977520
81386	4100411352
81387	867129187
81388	599926026
81389	4118640426
81390	2889098410
81391	1596281788
81392	3852582509
81393	3127180142
81394	784988155
81395	3094522453
81396	3864355661
81397	503097990
81398	1893838719
81399	451639771
81400	2295668110
81401	2679522908
81402	27265792
81403	548963533
81404	1582207236
81405	3512257299
81406	1766158088
81407	1821149180
81408	2397215210
81409	3082712240
81410	172763391
81411	677534961
81412	1705669443
81413	3651380841
81414	764056647
81415	1928767055
81416	2813898302
81417	4090166523
81418	2674738159
81419	486417806
81420	3907461343
81421	2932932430
81422	1760591741
81423	2155589149
81424	2504145559
81425	4133660627
81426	75395499
81427	3492112997
81428	3513256481
81429	1528543340
81430	2565853411
81431	3547683379
81432	890119377
81433	2678199637
81434	35303485
81435	3277911735
81436	273781444
81437	2412634070
81438	298882447
81439	941232291
81440	3123550636
81441	3771321870
81442	3433174927
81443	1182369693
81444	1744202684
81445	1105425430
81446	302344879
81447	288431392
81448	77570576
81449	2466652845
81450	2227009530
81451	2393970225
81452	3809938959
81453	1166055020
81454	274632398
81455	3309706298
81456	311400734
81457	2070164797
81458	1441361462
81459	3380895578
81460	3296722076
81461	2558094741
81462	3734811019
81463	4031914050
81464	2720570772
81465	145935871
81466	3444027040
81467	2875927459
81468	3839073878
81469	1324140840
81470	2159587751
81471	1937302117
81472	3529421441
81473	1209048054
81474	2652223844
81475	2719097141
81476	896532704
81477	972378651
81478	1722689688
81479	304135632
81480	3520087981
81481	1587831333
81482	3772834519
81483	744523421
81484	2948659429
81485	1934678754
81486	3144705296
81487	3358530315
81488	2037923906
81489	2571686192
81490	804649929
81491	1282603250
81492	2837957589
81493	828764611
81494	1191517298
81495	3836721837
81496	3422752313
81497	1488735763
81498	4098287535
81499	2775166439
81500	3519633302
81501	2375703698
81502	2646091947
81503	2972379280
81504	4152706458
81505	1513767577
81506	947062422
81507	789563852
81508	89435626
81509	670723129
81510	2303026403
81511	1273060173
81512	619793165
81513	1188640650
81514	2394124053
81515	2184304439
81516	3561737699
81517	2994647632
81518	1777335747
81519	519320344
81520	695478131
81521	3268078830
81522	3197494730
81523	456248060
81524	3053085746
81525	3900577779
81526	2537533873
81527	696188386
81528	1676438977
81529	2531756820
81530	4271224773
81531	946223636
81532	1075660642
81533	2814600688
81534	2289265232
81535	196585130
81536	3486127316
81537	1632619730
81538	786859187
81539	1288994385
81540	3588025109
81541	1618320804
81542	1111813509
81543	3525678830
81544	858647742
81545	497342774
81546	1924402176
81547	495746741
81548	2493827383
81549	2932312170
81550	3657875975
81551	3698284319
81552	1689471053
81553	3980725845
81554	4275132871
81555	1764498813
81556	2526786010
81557	1989866433
81558	709499444
81559	2925363569
81560	2276491808
81561	1369671875
81562	1342468892
81563	4068075543
81564	4294756621
81565	345141858
81566	453400789
81567	1131779388
81568	2429889600
81569	416484412
81570	2800464306
81571	2561767837
81572	362453739
81573	3898320885
81574	3717337424
81575	1202597490
81576	3658310638
81577	2737623945
81578	3423815631
81579	3452054825
81580	762463611
81581	3877663444
81582	584197580
81583	809981027
81584	1145843994
81585	3823746606
81586	4127190234
81587	1533458756
81588	2924072617
81589	918764034
81590	2889707060
81591	932011783
81592	1370339648
81593	3502039831
81594	3802403884
81595	2568129622
81596	1444278271
81597	3108085998
81598	154891522
81599	659832477
81600	3440578875
81601	1199374998
81602	3962721485
81603	1017652418
81604	3877240904
81605	4187576041
81606	4226031681
81607	4143299409
81608	3040766297
81609	636749101
81610	959532687
81611	4117425364
81612	4030124441
81613	2367829882
81614	759350260
81615	590458630
81616	194529525
81617	863803771
81618	2230718682
81619	1120266811
81620	2744088850
81621	3377429805
81622	1420635481
81623	3499330384
81624	2689475631
81625	2862099733
81626	1884507334
81627	820987763
81628	1474680347
81629	1646498782
81630	1033024126
81631	2264999120
81632	2057233968
81633	1001324893
81634	3842605936
81635	1495168156
81636	87039080
81637	2478586690
81638	1033670609
81639	3656987515
81640	2404137869
81641	2280534880
81642	3835581596
81643	1424004276
81644	973210934
81645	2111367511
81646	971344729
81647	3104908155
81648	1362822532
81649	2366832688
81650	2605669569
81651	3508545133
81652	2492091606
81653	409496325
81654	3241884516
81655	90199213
81656	673857434
81657	3351032172
81658	2872702179
81659	383156455
81660	2430741847
81661	2296516870
81662	1793649653
81663	573569362
81664	2101168797
81665	2517305498
81666	2264079604
81667	4275016156
81668	3927412483
81669	2705319099
81670	227613331
81671	2231562491
81672	3823996546
81673	1165963872
81674	989625277
81675	1497511779
81676	1006633780
81677	2268011174
81678	1865649453
81679	1012885019
81680	3357477776
81681	3950729980
81682	3836350313
81683	4161504881
81684	3646718896
81685	3732636178
81686	2090874458
81687	2740549366
81688	4120271341
81689	1297488416
81690	2250194963
81691	2942592483
81692	2242494190
81693	2928542683
81694	4044624250
81695	1354883187
81696	2975387594
81697	1820522692
81698	1457389043
81699	845296763
81700	3723451977
81701	2175990046
81702	236644024
81703	2412314496
81704	2181535247
81705	2304821501
81706	2931378086
81707	268452464
81708	2855098172
81709	3551465758
81710	219856112
81711	339865434
81712	3093309493
81713	1312733449
81714	4164603540
81715	3443220683
81716	2595949297
81717	4153367030
81718	1247025696
81719	3095040132
81720	1502272043
81721	3635113315
81722	948285373
81723	2611908097
81724	1760629775
81725	3377514976
81726	3384105165
81727	3312227582
81728	3209749244
81729	2134139446
81730	259830779
81731	3018481416
81732	791457543
81733	2985445522
81734	2475576794
81735	3321664836
81736	1247934858
81737	2153230896
81738	1156475402
81739	3728887312
81740	877480718
81741	4136656110
81742	2228475983
81743	4219034364
81744	1517294394
81745	3645739975
81746	4030122899
81747	347384554
81748	2949337522
81749	70551553
81750	2487543188
81751	2284827519
81752	1449983500
81753	841052041
81754	3190862009
81755	3973902327
81756	3041635741
81757	3433978958
81758	1006924209
81759	1849519697
81760	1594507343
81761	3108546288
81762	4062348467
81763	3908373270
81764	4225667904
81765	1559246537
81766	4059861599
81767	1482403767
81768	677183984
81769	1420373335
81770	516928782
81771	4195228347
81772	3629160390
81773	1591454803
81774	3912560547
81775	3293020421
81776	3654170719
81777	3750803965
81778	3263260472
81779	2538663339
81780	2652836661
81781	1345790317
81782	3921555630
81783	4293713133
81784	1723943851
81785	1238543962
81786	3360558966
81787	1080965492
81788	2439122489
81789	2964931489
81790	2917867140
81791	4062283958
81792	4005517857
81793	3415313227
81794	1624177490
81795	3108152561
81796	4135474164
81797	1497210658
81798	437468096
81799	2164954641
81800	979750655
81801	2837693548
81802	520836767
81803	2471950654
81804	3860940548
81805	4122892318
81806	2743761170
81807	931595253
81808	4168021972
81809	4131377304
81810	1446193242
81811	2164252700
81812	673704889
81813	2385475693
81814	2738256214
81815	4274260259
81816	1212224335
81817	3937413140
81818	4194275993
81819	2305891335
81820	1116860978
81821	3765026789
81822	2018676270
81823	722120768
81824	3376166767
81825	739308907
81826	2035857532
81827	3002180986
81828	517452316
81829	2404246228
81830	4266424766
81831	1649716515
81832	996375432
81833	3242820666
81834	4024525910
81835	3499460435
81836	653246023
81837	390605379
81838	1123162198
81839	3737774139
81840	1504255579
81841	1378950649
81842	3705580499
81843	3744291258
81844	640111664
81845	3613164720
81846	1352525705
81847	2528120821
81848	4069872878
81849	2822892603
81850	2745134866
81851	500399122
81852	119394043
81853	3596638179
81854	1886969767
81855	2871028014
81856	3818063335
81857	1748133117
81858	436171322
81859	1513480617
81860	2048257082
81861	942061657
81862	2052585975
81863	3664030434
81864	2408272609
81865	1015348720
81866	3798938920
81867	1195818444
81868	3794626983
81869	986285163
81870	2281793667
81871	3318266598
81872	4174195428
81873	4083926607
81874	667288749
81875	2697279808
81876	355805938
81877	847969070
81878	3052608709
81879	4112876467
81880	2719624702
81881	2370556737
81882	2620598945
81883	3493158858
81884	2478247415
81885	2241759202
81886	289997618
81887	1701219620
81888	2570005153
81889	1226048308
81890	4015142624
81891	3205375031
81892	2165252907
81893	1423690813
81894	1390909875
81895	1258696052
81896	1030569180
81897	2636321589
