42375	1958821722
42376	3272769241
42377	916320531
42378	4008874741
42379	3913835359
42380	1297452468
42381	2431149151
42382	1577725590
42383	2029101717
42384	1884733642
42385	3695024543
42386	1897395221
42387	90021645
42388	2341127506
42389	3642827391
42390	2229865495
42391	2756613271
42392	3567455742
42393	1495998779
42394	388734863
42395	2930319034
42396	764705509
42397	581518722
42398	1315876499
42399	634715761
42400	3750273180
42401	488314442
42402	1852813064
42403	1392269467
42404	2250557924
42405	3137017492
42406	3387815299
42407	1912493920
42408	844119351
42409	155524136
42410	3411931606
42411	4227699832
42412	1563266243
42413	298285438
42414	90449425
42415	901640802
42416	2028678232
42417	52361917
42418	712343592
42419	944529531
42420	3931956487
42421	4050408617
42422	1560435178
42423	3841600379
42424	1088082678
42425	2103988106
42426	1646285074
42427	247804949
42428	240509493
42429	3866668541
42430	2281111819
42431	849277294
42432	542992173
42433	906845185
42434	1343712739
42435	568168253
42436	2568849239
42437	763324287
42438	2624491012
42439	4237232211
42440	1970229005
42441	2481332148
42442	2657754499
42443	3783646373
42444	666845059
42445	3146938051
42446	264993555
42447	2406766431
42448	1820933401
42449	3946845168
42450	1911388371
42451	1825645016
42452	2767607718
42453	135756239
42454	4249660482
42455	3814314896
42456	1382293202
42457	3086104942
42458	3237540586
42459	2959901491
42460	1387427722
42461	2873114572
42462	2134196316
42463	790496935
42464	154032596
42465	255423626
42466	3676532861
42467	3898784641
42468	151623976
42469	3586742009
42470	2268660465
42471	984803491
42472	2856796888
42473	1250284201
42474	4132765773
42475	823101510
42476	1280886596
42477	2122718749
42478	3818533621
42479	1815855229
42480	2726917016
42481	3068421576
42482	1467055213
42483	2712771540
42484	1153897001
42485	3912168297
42486	2663910818
42487	2396936709
42488	2747307881
42489	2706788700
42490	2131170769
42491	983448091
42492	4218364390
42493	3255475631
42494	2383204404
42495	120470192
42496	447698061
42497	2469937386
42498	98911853
42499	398556875
42500	364767412
42501	4209056126
42502	2710402182
42503	4094396751
42504	142835460
42505	2713503122
42506	3551693179
42507	2711516517
42508	4064782927
42509	2909529501
42510	4043192294
42511	3721975566
42512	61670807
42513	2847762080
42514	2114050275
42515	586608770
42516	2560329281
42517	295656658
42518	4264304193
42519	350089589
42520	2056676842
42521	543421292
42522	1277512109
42523	2514107491
42524	1432737677
42525	766695663
42526	1144692708
42527	2101684198
42528	4018928114
42529	1182849954
42530	1584757764
42531	1653902741
42532	2776820794
42533	2694173726
42534	1555486756
42535	2035274906
42536	1779039990
42537	358274236
42538	1024018966
42539	3945665711
42540	3435406527
42541	1597941265
42542	1639599321
42543	1236297612
42544	1723603879
42545	1095584197
42546	291843525
42547	19057764
42548	2854056808
42549	3634292154
42550	2794871458
42551	2603628239
42552	2481835992
42553	3091760894
42554	1357238998
42555	727227578
42556	3823163344
42557	778271389
42558	2898261472
42559	1617311660
42560	2281472981
42561	4231922843
42562	214668429
42563	1709876667
42564	1876865342
42565	2500333030
42566	4063294731
42567	1773611128
42568	3506159659
42569	2490646031
42570	366150857
42571	521693806
42572	728590395
42573	1779549093
42574	2353216680
42575	466738394
42576	356363116
42577	2477834153
42578	3098019739
42579	166893728
42580	1955825021
42581	3655969544
42582	162564077
42583	3808471094
42584	2302351431
42585	3009476419
42586	4012407893
42587	3262977520
42588	4100411352
42589	867129187
42590	599926026
42591	4118640426
42592	2889098410
42593	1596281788
42594	3852582509
42595	3127180142
42596	784988155
42597	3094522453
42598	3864355661
42599	503097990
42600	1893838719
42601	451639771
42602	2295668110
42603	2679522908
42604	27265792
42605	548963533
42606	1582207236
42607	3512257299
42608	1766158088
42609	1821149180
42610	2397215210
42611	3082712240
42612	172763391
42613	677534961
42614	1705669443
42615	3651380841
42616	764056647
42617	1928767055
42618	2813898302
42619	4090166523
42620	2674738159
42621	486417806
42622	3907461343
42623	2932932430
42624	1760591741
42625	2155589149
42626	2504145559
42627	4133660627
42628	75395499
42629	3492112997
42630	3513256481
42631	1528543340
42632	2565853411
42633	3547683379
42634	890119377
42635	2678199637
42636	35303485
42637	3277911735
42638	273781444
42639	2412634070
42640	298882447
42641	941232291
42642	3123550636
42643	3771321870
42644	3433174927
42645	1182369693
42646	2860822601
42647	532916963
42648	3189058603
42649	1132471735
42650	3224166368
42651	1758483559
42652	1089278521
42653	660031402
42654	1454018873
42655	238159178
42656	348449592
42657	3885418736
42658	2969877841
42659	3237688190
42660	1352935764
42661	3499197010
42662	765107183
42663	3847648202
42664	797408683
42665	1244150328
42666	812526514
42667	389889328
42668	153531964
42669	2989368178
42670	2583111227
42671	692989237
42672	1821118254
42673	927648602
42674	505089075
42675	3035511789
42676	2026151170
42677	2169070837
42678	3270589167
42679	257006544
42680	1844677654
42681	1152268659
42682	2866659455
42683	308761322
42684	874088632
42685	138917737
42686	1445840027
42687	2539451963
42688	3409418074
42689	4147564111
42690	2924223979
42691	1166138660
42692	1528035066
42693	150495050
42694	1404991706
42695	1673999583
42696	361275323
42697	4035601215
42698	2038406071
42699	64862376
42700	293411860
42701	1425153387
42702	3893832875
42703	4063492481
42704	4177140526
42705	2141276713
42706	1294129814
42707	512144878
42708	1085796387
42709	686537302
42710	953062019
42711	1413641409
42712	4117623499
42713	715363704
42714	1008240175
42715	591709182
42716	503875015
42717	1682949094
42718	2903861727
42719	3259561218
42720	1054463842
42721	2219761283
42722	634295525
42723	4003681127
42724	3925578323
42725	876546156
42726	1918325302
42727	2509546355
42728	94081884
42729	3367692468
42730	3409110820
42731	2556122528
42732	535638366
42733	3656162437
42734	1996043857
42735	2740283634
42736	2281911240
42737	3270450815
42738	552712529
42739	3465970765
42740	1607267920
42741	3108085741
42742	4085143027
42743	1396612905
42744	220698755
42745	3170567513
42746	3405872764
42747	1445911726
42748	2786011117
42749	93588615
42750	121079814
42751	217476591
42752	1492400076
42753	3315604210
42754	2856228428
42755	2410636492
42756	89696538
42757	2790067024
42758	1273227707
42759	3237347306
42760	2831231118
42761	2836830208
42762	669329451
42763	1160757316
42764	1329888715
42765	3322876776
42766	1338241377
42767	539772562
42768	4276888540
42769	4236606382
42770	786951309
42771	1917159213
42772	4157357176
42773	1413625711
42774	939590969
42775	356043346
42776	110695048
42777	3405872765
42778	1245457647
42779	1535000814
42780	942833339
42781	2335556128
42782	762463611
42783	3877663444
42784	584197580
42785	809981027
42786	1145843994
42787	3823746606
42788	4127190234
42789	1533458756
42790	2924072617
42791	918764034
42792	2889707060
42793	932011783
42794	1370339648
42795	3502039831
42796	3802403884
42797	2568129622
42798	1444278271
42799	3108085998
42800	154891522
42801	659832477
42802	3440578875
42803	1199374998
42804	3962721485
42805	1017652418
42806	3877240904
42807	4187576041
42808	4226031681
42809	4143299409
42810	3040766297
42811	636749101
42812	959532687
42813	4117425364
42814	4030124441
42815	2367829882
42816	759350260
42817	590458630
42818	194529525
42819	863803771
42820	2230718682
42821	1120266811
42822	2744088850
42823	3377429805
42824	1420635481
42825	3499330384
42826	2689475631
42827	2862099733
42828	1884507334
42829	820987763
42830	1474680347
42831	1646498782
42832	1033024126
42833	2264999120
42834	2057233968
42835	1001324893
42836	3842605936
42837	1495168156
42838	87039080
42839	2478586690
42840	1033670609
42841	3656987515
42842	2404137869
42843	2280534880
42844	3835581596
42845	1424004276
42846	973210934
42847	2111367511
42848	971344729
42849	3104908155
42850	1362822532
42851	2366832688
42852	2605669569
42853	3508545133
42854	2492091606
42855	409496325
42856	3241884516
42857	90199213
42858	673857434
42859	3351032172
42860	2872702179
42861	383156455
42862	2430741847
42863	2296516870
42864	1793649653
42865	573569362
42866	2101168797
42867	2517305498
42868	2264079604
42869	4275016156
42870	3927412483
42871	2705319099
42872	227613331
42873	2231562491
42874	3823996546
42875	1165963872
42876	989625277
42877	1497511779
42878	1006633780
42879	2268011174
42880	1865649453
42881	1012885019
42882	3357477776
42883	3950729980
42884	3836350313
42885	4161504881
42886	3646718896
42887	3732636178
42888	2090874458
42889	2740549366
42890	4120271341
42891	1297488416
42892	2250194963
42893	2942592483
42894	2242494190
42895	2928542683
42896	4044624250
42897	1354883187
42898	2975387594
42899	1820522692
42900	1457389043
42901	845296763
42902	3723451977
42903	2175990046
42904	236644024
42905	2412314496
42906	2181535247
42907	2304821501
42908	2931378086
42909	268452464
42910	2855098172
42911	3551465758
42912	219856112
42913	339865434
42914	3093309493
42915	1312733449
42916	4164603540
42917	3443220683
42918	3712569214
42919	104768746
42920	428148217
42921	3754473202
42922	3729552697
42923	1077641403
42924	54830332
42925	1082792005
42926	2141374363
42927	3703181102
42928	2350269753
42929	1140204952
42930	4244040865
42931	504800171
42932	155231231
42933	2321238071
42934	3427748098
42935	3774689266
42936	758437208
42937	3790662593
42938	852754295
42939	32293586
42940	3853125150
42941	1028091177
42942	1941786664
42943	116519899
42944	3121168291
42945	2716540949
42946	2931362111
42947	1094158618
42948	2405038392
42949	2370720691
42950	2689353788
42951	2320976955
42952	1526671247
42953	4026283932
42954	1066092047
42955	99657967
42956	1144492361
42957	2980951111
42958	2126542699
42959	3589729792
42960	1095126832
42961	3539610168
42962	908889092
42963	4180206796
42964	3104128678
42965	3460376902
42966	3417701621
42967	462178296
42968	230810941
42969	967985977
42970	853132277
42971	4074392943
42972	1148222955
42973	2833508391
42974	1966547980
42975	3401512885
42976	3928966200
42977	1452767089
42978	573384081
42979	1426467084
42980	742603753
42981	2226494903
42982	1044094264
42983	3895655137
42984	656318703
42985	1498265653
42986	346412001
42987	4013836140
