14826	3689403922
14827	913544399
14828	2342383658
14829	2866128037
14830	311547671
14831	2030835987
14832	2844974642
14833	21153395
14834	347001128
14835	4259513839
14836	3216561243
14837	3109242040
14838	2149934178
14839	695040464
14840	2238372346
14841	2077748345
14842	1622662677
14843	3019305747
14844	2497840537
14845	1761673302
14846	3668479913
14847	3843048626
14848	1463980928
14849	1645261112
14850	3431866276
14851	3013035198
14852	2330215529
14853	2659792231
14854	925140446
14855	1313231900
14856	678283901
14857	1399464444
14858	2578755953
14859	3338874020
14860	155524136
14861	2863781611
14862	1627248266
14863	870592271
14864	2416833351
14865	3639807247
14866	361365322
14867	3307114591
14868	1301157844
14869	2541890782
14870	1909173543
14871	3849774681
14872	3882506142
14873	2057722266
14874	2578696514
14875	853169762
14876	898665735
14877	2114369463
14878	286946599
14879	2043268930
14880	3697434491
14881	3257325036
14882	1120693965
14883	4099413777
14884	3561187597
14885	2047011599
14886	1601480451
14887	3371770746
14888	3476719583
14889	2217712157
14890	3356581031
14891	3517142218
14892	3789732479
14893	3844108837
14894	3783646373
14895	666845059
14896	3146938051
14897	4011810856
14898	1200919826
14899	426328440
14900	2728091049
14901	2437468518
14902	4210498810
14903	2501301837
14904	2245216706
14905	1394590541
14906	3406802491
14907	1249530127
14908	2301921370
14909	1005193221
14910	2862941015
14911	2733184125
14912	3332252045
14913	3504606033
14914	278580465
14915	1630593078
14916	2893963841
14917	955810840
14918	1064851203
14919	2817654939
14920	3633381067
14921	2719308495
14922	2541496458
14923	37200056
14924	4285029302
14925	863107756
14926	4109714875
14927	1083918156
14928	1838213107
14929	276156356
14930	2482564493
14931	2099349402
14932	1693436038
14933	349832892
14934	2291914292
14935	1405520199
14936	4244079297
14937	3308213035
14938	1776082402
14939	3639578859
14940	877384176
14941	3222029601
14942	2794330350
14943	766857247
14944	2217942164
14945	4124036731
14946	349832892
14947	1251647559
14948	74892029
14949	3296878717
14950	2758841351
14951	717878232
14952	3685335085
14953	2827344368
14954	436404559
14955	2920176472
14956	646537956
14957	2870604262
14958	444472127
14959	3345260352
14960	3708099107
14961	136009730
14962	3721975566
14963	61670807
14964	2847762080
14965	2114050275
14966	586608770
14967	2560329281
14968	295656658
14969	3716154198
14970	157575358
14971	1043344468
14972	728606423
14973	3992689313
14974	2065605161
14975	662485888
14976	359406822
14977	2078061696
14978	3883236191
14979	327262619
14980	2694064280
14981	4102204853
14982	840904849
14983	1404311857
14984	1968131407
14985	3721426430
14986	3076073362
14987	330729129
14988	4146736672
14989	1397760751
14990	2007631796
14991	294289574
14992	2320456813
14993	2979703704
14994	1242730024
14995	1620210991
14996	2706211105
14997	26973020
14998	3535399083
14999	4091820258
15000	3734526815
15001	4065046514
15002	1596884372
15003	2976663389
15004	3478460395
15005	2447099979
15006	2277976835
15007	615987006
15008	1659258736
15009	3591519400
15010	940716020
15011	124135183
15012	1076767826
15013	1740887113
15014	974749490
15015	2658631577
15016	2382618038
15017	336690457
15018	2773543973
15019	4062919781
15020	3980204287
15021	351963065
15022	1835166085
15023	2449863217
15024	1405221439
15025	3752853613
15026	1821770684
15027	2287944191
15028	3977889656
15029	1400995796
15030	1528789557
15031	309423550
15032	972350945
15033	3598772707
15034	1421681508
15035	1060882985
15036	4185797702
15037	2208518996
15038	3008374840
15039	2980028494
15040	1072756432
15041	3572043756
15042	374758148
15043	1917156144
15044	1273140663
15045	132379536
15046	1366381899
15047	2877697398
15048	2732767212
15049	575445823
15050	2030739714
15051	4040309984
15052	3234259863
15053	405318996
15054	1241923689
15055	3930427783
15056	2462207257
15057	759822344
15058	1148543061
15059	1645787289
15060	2653491526
15061	2408333017
15062	597007253
15063	1620934911
15064	307931721
15065	3816105010
15066	1072756432
15067	3572043756
15068	966059616
15069	285587943
15070	317653103
15071	4052206222
15072	3445306143
15073	4146539870
15074	532653795
15075	2226187556
15076	787983177
15077	4224862351
15078	970725531
15079	2714609554
15080	1701251907
15081	1126092461
15082	2047018777
15083	2684353078
15084	3971504419
15085	3243639349
15086	3172887527
15087	1768617725
15088	942549368
15089	1928054894
15090	1673101203
15091	3066338220
15092	654731502
15093	2690528850
15094	1629300520
15095	2078798587
15096	288956583
15097	4142020443
15098	532916963
15099	3189058603
15100	1132471735
15101	3224166368
15102	1758483559
15103	1089278521
15104	660031402
15105	1454018873
15106	238159178
15107	348449592
15108	3885418736
15109	2969877841
15110	3237688190
15111	1352935764
15112	2575820992
15113	1140333206
15114	3069311145
15115	1383231509
15116	2554721045
15117	2783590719
15118	1195188527
15119	3828385192
15120	50571845
15121	3942117468
15122	1195681765
15123	869923396
15124	1464567463
15125	3492885721
15126	1618616635
15127	3035757483
15128	993302603
15129	1084759093
15130	2233338421
15131	1649897770
15132	895395307
15133	3726834608
15134	1312537943
15135	1381526337
15136	375372290
15137	3726832563
15138	2118010446
15139	3017861699
15140	444927338
15141	959384519
15142	518848627
15143	1449282780
15144	4260723620
15145	3755670106
15146	1043274116
15147	2032799246
15148	51449439
15149	279279690
15150	2315262481
15151	1831474191
15152	1061125557
15153	336635194
15154	1301673744
15155	705958052
15156	340345118
15157	4248911752
15158	705958007
15159	1614498806
15160	1748247156
15161	1231456548
15162	2233074486
15163	3304622834
15164	3561780539
15165	2353397748
15166	473314554
15167	2232896551
15168	1411195903
15169	2910744413
15170	2456979315
15171	1078419768
15172	3132598955
15173	959221303
15174	755827883
15175	2978698932
15176	2972049253
15177	1092997261
15178	14667103
15179	1582217269
15180	622611314
15181	2354052075
15182	4072797945
15183	3700629746
15184	2533094636
15185	4208972639
15186	2329692458
15187	4243251673
15188	3120035829
15189	1790918473
15190	707326320
15191	951932416
15192	4040932824
15193	3845553872
15194	4238782979
15195	996900337
15196	3036133114
15197	1382969365
15198	2554458903
15199	2817276219
15200	926820654
15201	814066459
15202	373127836
15203	601621654
15204	669265731
15205	1989365846
15206	1201496163
15207	1181121875
15208	2792780452
15209	1838877301
15210	586657518
15211	2186886455
15212	2201702488
15213	1861217293
15214	3070641059
15215	909563228
15216	1083869704
15217	3563060657
15218	3090570360
15219	3039563021
15220	2504994792
15221	4239835721
15222	2315781959
15223	3384406776
15224	3929419913
15225	4118400996
15226	4059803062
15227	2056934918
15228	110880772
15229	2177063419
15230	3018471745
15231	959417911
15232	638388142
15233	762607654
15234	3375657455
15235	2448099398
15236	2387233145
15237	2217157701
15238	2805227592
15239	2462090649
15240	1162175274
15241	2436597433
15242	1135156536
15243	286524972
15244	2320934320
15245	3034915961
15246	350480658
15247	3835317044
15248	1114095931
15249	1094423065
15250	2300265767
15251	708109073
15252	1501202517
15253	1478825977
15254	2910744413
15255	2456979315
15256	910713153
15257	2661330603
15258	1916372048
15259	2753353396
15260	3090044734
15261	3122078706
15262	424032439
15263	849108224
15264	128892935
15265	3486601
15266	411081557
15267	955300342
15268	922495605
15269	1955201793
15270	707669058
15271	2025098154
15272	757435959
15273	4112977160
15274	888159302
15275	1142580412
15276	2990731927
15277	1049578057
15278	2476823648
15279	757436215
15280	2624777
15281	402694219
15282	1165441457
15283	76482232
15284	2852541947
15285	1077885836
15286	1015683141
15287	1446524116
15288	2365437131
15289	2689352509
15290	102858654
15291	1045684407
15292	4024105796
15293	1916648789
15294	2699548605
15295	4248910217
15296	948786685
15297	1459546332
15298	3943187355
15299	948787194
15300	1130649456
15301	490285455
15302	169741579
15303	138190142
15304	2371354675
15305	1444750335
15306	2910744413
15307	2456979315
15308	910713153
15309	2661330603
15310	747649145
15311	218410471
15312	2337711543
15313	2242843696
15314	2772244800
15315	1840375599
15316	1060932954
15317	2991273268
15318	1124067812
15319	2321238331
15320	3319483829
15321	827056041
15322	104506602
15323	428147193
15324	3737564914
15325	2783589938
15326	956288845
15327	4126661628
15328	150290659
15329	4074571692
15330	4070591554
15331	1195101273
15332	4157508941
15333	2852067909
15334	387536289
15335	1313715618
15336	4248910729
15337	1172149028
15338	4041720306
15339	2300265767
15340	2680397649
15341	3955429
15342	4191947951
15343	4074523764
15344	373696388
15345	2869942961
15346	2852197958
15347	320689569
15348	718736374
15349	1049881351
15350	943991436
15351	4293525228
15352	1062366831
15353	865688063
15354	84603397
15355	1588497806
15356	1956468313
15357	1109869907
15358	2895753386
15359	2053945412
15360	3896182240
15361	3089313906
15362	830860832
15363	798439688
15364	814065948
15365	1264732639
15366	4176143580
15367	407780299
15368	3315357362
15369	826663081
15370	104768746
15371	428148217
15372	3754473202
15373	3729552697
15374	1077641403
15375	54830332
15376	1082792005
15377	2141374363
15378	3703181102
15379	2350269753
15380	1140204952
15381	4244040865
15382	504800171
15383	155231231
15384	2321238071
15385	3427748098
15386	3774689266
15387	758437208
15388	3790662593
15389	852754295
15390	32293586
15391	3853125150
15392	1028091177
15393	1941786664
15394	116519899
15395	3121168291
15396	2716540949
15397	2931362111
15398	1094158618
15399	1481662374
15400	2908116830
15401	2527183672
15402	1402886736
15403	1666424409
15404	2899851439
15405	2778347366
15406	1604737412
15407	949983633
15408	1419290776
15409	1364299943
15410	1856854356
15411	3633301467
15412	1420552019
15413	2407833173
15414	1986646440
15415	2358892701
15416	2510508173
15417	1431609295
15418	1953053309
15419	3537595752
15420	2588845734
15421	2576044958
15422	2141828044
15423	3617706715
15424	1705351758
15425	1787533963
15426	3201990569
15427	2711593362
15428	1402887504
15429	1632869979
15430	1548771236
15431	3739498663
15432	2555287447
15433	2824438942
15434	913531987
15435	1319806434
15436	2542050908
15437	3402814158
15438	2630078899
15439	2560283704
15440	2224971092
15441	1501863516
15442	2778820269
15443	2828684970
15444	2594740100
15445	3081753533
15446	2110055882
15447	2560283704
15448	2224969045
15449	1501863518
15450	2594205357
15451	3818772385
15452	1582327205
15453	1435534494
15454	3577259973
15455	1162634661
15456	1716756062
15457	3537595753
15458	2588845734
15459	2224970189
15460	2948770622
15461	2795479454
15462	2811577653
15463	1449145967
15464	2755696354
15465	999973752
15466	2526532664
15467	2811708748
15468	2508994157
15469	3818772385
15470	1162635429
15471	3183781306
15472	1774312051
15473	2799934935
15474	3443870825
15475	3166358952
15476	3537595753
15477	2588845734
15478	2392562637
15479	2963530216
15480	1835647389
15481	2795955101
15482	2630698316
15483	2965942724
15484	3681380801
15485	1319544547
15486	2475463249
15487	2159849165
15488	2829247032
15489	1419664720
15490	3681380756
15491	1319544547
15492	2492240465
15493	3417225637
15494	3367477974
15495	2675736478
15496	2748070524
15497	2778353320
15498	913399892
15499	1319674594
15500	1448320598
15501	1856302236
15502	2666058145
15503	895722394
15504	1402885713
15505	950512035
15506	2543312549
15507	2224969301
15508	913090117
15509	1319806434
15510	2491719255
15511	3214443944
15512	3552039377
15513	3653672332
15514	3281634991
15515	3470311620
15516	2560922537
15517	2812464527
15518	3771652050
15519	3655914201
15520	2597599391
15521	2656589208
15522	2224969557
15523	2825825622
15524	3639250912
15525	3634415316
15526	1490046614
15527	1482002639
15528	2542943917
15529	2845020640
15530	2271230891
15531	2038403508
15532	3772201116
15533	2104983449
15534	2088331578
15535	2829247032
15536	1402887761
15537	951164314
15538	1415816602
15539	2656981343
15540	1034770001
15541	2665859745
15542	896115608
15543	1636979028
15544	2271232427
15545	1937740212
15546	947299235
15547	1382393223
15548	1565548707
15549	2677702966
15550	1671796814
15551	1448239015
15552	3576650591
15553	2509235178
15554	2547490264
15555	2454803352
15556	2658053470
15557	2588846242
15558	1952470174
15559	2088462650
15560	2463160632
15561	1382393240
15562	1582325924
15563	2656457055
15564	2513645403
15565	2778222230
15566	1571116883
15567	1465016231
15568	2899720367
15569	2778216294
15570	1604475780
15571	949983123
15572	1452845208
15573	1364431011
15574	1856853334
15575	3364934616
15576	2884064140
15577	2224969615
15578	2949878848
15579	1718216284
15580	2224969535
15581	2671619415
15582	2588846757
15583	2375386270
15584	3015678085
15585	3268655057
15586	2262419101
15587	3234044358
15588	3654211776
15589	1821877395
15590	3198067661
15591	3889680087
15592	3536245206
15593	2597599391
15594	2656655000
15595	2224969814
15596	2842602839
15597	3639250912
15598	3634415316
15599	2862254468
15600	3478738576
15601	2677446013
15602	1722128462
15603	1348512597
15604	2526230132
15605	2678300392
15606	2504340842
15607	2874496158
15608	1118525809
15609	2444534848
15610	949791681
15611	2140778679
15612	981299771
15613	2058263250
15614	933665443
15615	1571329349
15616	1484139111
15617	2755696610
15618	996764530
15619	1319017429
15620	1448320602
15621	1936086174
15622	2526532664
15623	1402887249
15624	1571133253
15625	2547267743
15626	2656915813
15627	1402887249
15628	2487070042
15629	3864832172
15630	1497274021
15631	2908574047
15632	3823800683
15633	2648230032
15634	1436067994
15635	1582403751
15636	2597599391
15637	2656785816
15638	2224970325
15639	2708385113
15640	3637022931
15641	1420552019
15642	2424610390
15643	951047065
15644	929458666
15645	1518640732
15646	951165151
15647	1436067994
15648	3008978322
15649	3503146675
15650	3720333506
15651	3379861382
15652	3554788032
15653	3202269913
15654	1751552364
15655	3705590206
15656	3167869415
15657	3563695314
15658	2555287706
15659	2874836126
15660	2427083396
15661	2154408872
15662	2730940632
15663	3884960984
15664	1586529450
15665	1448386511
15666	1936276093
15667	2709171861
15668	2553783967
15669	1281533077
15670	2564042587
15671	2845020640
15672	2732734641
15673	2656655720
15674	951164813
15675	1349100954
15676	1499030184
15677	3504046185
15678	3571229382
15679	2224940431
15680	2559349329
15681	3214443944
15682	3552039377
15683	3653672332
15684	3281634991
15685	3470311620
15686	2544145321
15687	2661535128
15688	3620657106
15689	3335640793
15690	3432986024
15691	2778353320
15692	1655331924
15693	1098021472
15694	2140255396
15695	949789338
15696	2140778679
15697	981300027
15698	2963316329
15699	1755683406
15700	1348709211
15701	3795366309
15702	1515219365
15703	2908640866
15704	2829247032
15705	1469206865
15706	2929344173
15707	1776704680
15708	2454797718
15709	2795469920
15710	3701838800
15711	1515624101
15712	2454802782
15713	3795366307
15714	1532401832
15715	3470234522
15716	3739006161
15717	2581059289
15718	2597599391
15719	2454803864
15720	1535417947
15721	2577559213
15722	3818772385
15723	1364354213
15724	2911015044
15725	2526532664
15726	1402886994
15727	1587844933
15728	3795366305
15729	1549179048
15730	3470234522
15731	3301556422
15732	2597599391
15733	2454804120
15734	1535417948
15735	2762174125
15736	2744798892
15737	1952862623
15738	3654525306
15739	1805883447
15740	2454804829
15741	1916644699
15742	1083892359
15743	1768649588
15744	2896224824
15745	2476628308
15746	3795366304
15747	1515284133
15748	2946011958
15749	2795479454
15750	1452298553
15751	913138578
15752	1319936226
15753	1369416283
15754	1954393433
15755	2443432517
15756	1803055999
15757	3537595704
15758	2588845734
15759	1435260062
15760	3433262765
15761	2778353320
15762	913400916
15763	1786147689
15764	2829247032
15765	1419663185
15766	2654907739
15767	2588846242
15768	2807452830
15769	2947060798
15770	1718216284
15771	2224971071
15772	2654907733
15773	2588846757
15774	2828633246
15775	2596983506
15776	2560283704
15777	2224969047
15778	1535417950
15779	2929290925
15780	1776704680
15781	2656452758
15782	1051548241
15783	1319806434
15784	2525273687
15785	3214443944
15786	3552039377
15787	3653672332
15788	3281634991
15789	3470311620
15790	2544145321
15791	2661535128
15792	3620657106
15793	3335640793
15794	3560480721
15795	1482135720
15796	2656524176
15797	1856853591
15798	3935293659
15799	2697385180
15800	3881010333
15801	2656800659
15802	3248439711
15803	3818772385
15804	2656851115
15805	3478491780
15806	2699180209
15807	2656720041
15808	2058327443
15809	932945825
15810	2740359249
15811	2678675859
15812	951166369
15813	1370071962
15814	1419747931
15815	1899735898
15816	2444534848
15817	2677488489
15818	2778222230
15819	1621251668
15820	2167827298
15821	2555287191
15822	2824230046
15823	913334868
15824	1318492116
15825	1465097822
15826	1734235294
15827	3517020847
15828	2744661926
15829	1381999702
15830	1616010923
15831	2829247032
15832	1419663953
15833	2654907739
15834	2588847264
15835	1481744290
15836	2745269677
15837	2744798892
15838	2723893663
15839	1433615278
15840	1083417554
15841	1768650355
15842	1786278761
15843	2896224824
15844	2678807121
15845	2929875793
15846	2829247032
15847	1419663697
15848	2755571034
15849	2711545290
15850	1362913185
15851	2678807121
15852	951164813
15853	1349100954
15854	1515217830
15855	1165179819
15856	2140255396
15857	2158667329
15858	1722128974
15859	2469818977
15860	2711546065
15861	1362977699
15862	1839416652
15863	2829247032
15864	1419664977
15865	1450277984
15866	1083548626
15867	1768649332
15868	1786409833
15869	2829247032
15870	1419664464
15871	3594039206
15872	2553767529
15873	2791081118
15874	2677772862
15875	2561185870
15876	1385211740
15877	2908313488
15878	2829899320
15879	2527434807
15880	1365289052
15881	3795366307
15882	1549244584
15883	2830326109
15884	3520122310
15885	2363342792
15886	2949215383
15887	3302220226
15888	2847858370
15889	2556978833
15890	3537690321
15891	3653030361
15892	3520358828
15893	2828553880
15894	2427083908
15895	1469098332
15896	3682625946
15897	3701655256
15898	2649198540
15899	2476629588
15900	2681167250
15901	2412239734
15902	2884064140
15903	2224969104
15904	2948769857
15905	2610930078
15906	1452298558
15907	2723845022
15908	2980618621
15909	1722128974
15910	1348512598
15911	1966844764
15912	2444534848
15913	2677095529
15914	2778222230
15915	1621513812
15916	2167828322
15917	2555287191
15918	2841007262
15919	913465940
15920	2666058145
15921	1063494552
15922	2656850272
15923	2715758427
15924	2778353320
15925	1571444308
15926	3795366304
15927	1582392997
15928	2908574048
15929	3527767611
15930	1937740212
15931	1765440890
15932	951099295
15933	1399170458
15934	2908639584
15935	2526532664
15936	1469995600
15937	2774045265
15938	2104965697
15939	2694801770
15940	2778353320
15941	1671845207
15942	951166109
15943	1370071962
15944	1369418330
15945	2058329768
15946	933666721
15947	2841022545
15948	2526230131
15949	2527174373
15950	2421244263
15951	1369418330
15952	3782896034
15953	1364825557
15954	1452298584
15955	2874962298
15956	2755697315
15957	1097427835
15958	3617706715
15959	1705351758
15960	2441387612
15961	3795366348
15962	1431463589
15963	2980023606
15964	1772460622
15965	1348707669
15966	1765440886
15967	951100063
15968	1449698714
15969	1481663397
15970	2732734641
15971	2656391273
15972	1085102166
15973	1319936226
15974	1369418073
15975	1001302618
15976	1319936226
15977	1369417562
15978	1001302361
15979	1319674594
15980	2874708561
15981	2946929982
15982	1718216284
15983	2308067648
15984	2813239420
15985	2547819923
15986	2656982934
15987	1737642329
15988	2783066289
15989	2656393368
15990	3536770963
15991	3739147444
15992	2861029334
15993	3560480661
15994	1364760744
15995	2224969048
15996	2741939550
15997	2648154578
15998	1348904346
15999	2190705822
16000	2547267743
16001	2656588645
16002	1502761296
16003	2677445500
16004	1705351246
16005	1398777432
16006	794517157
16007	2665859745
16008	962896792
16009	2454804829
16010	2487070041
16011	2270075551
16012	2740622238
16013	1785155999
16014	2709172122
16015	2553781151
16016	2678282128
16017	2469817445
16018	2711546060
16019	1362846883
16020	1671382348
16021	3771807903
16022	1364432597
16023	1469075794
16024	2678035322
16025	3583479954
16026	1348379735
16027	2053133150
16028	1319806434
16029	2609159766
16030	3100824270
16031	2646910115
16032	2560283704
16033	2308067673
16034	2740815006
16035	2980619374
16036	2561186382
16037	2476384667
16038	2932987106
16039	3588475093
16040	2510507680
16041	2828553880
16042	2426558084
16043	1469097053
16044	1920622682
16045	3030663317
16046	2828429675
16047	2964803274
16048	1983670635
16049	2657708662
16050	2648154578
16051	1365681562
16052	2190771358
16053	3537595753
16054	2588845734
16055	2656538514
16056	3432856479
16057	2778353320
16058	913072724
16059	1319936226
16060	1369417818
16061	1001301850
16062	1319674594
16063	1549114973
16064	951165407
16065	1349100954
16066	1431331747
16067	1953053309
16068	3795366052
16069	1549101221
16070	2908115043
16071	2829247032
16072	1502761299
16073	2795651245
16074	2778353320
16075	1638488661
16076	951166884
16077	1466410394
16078	1549099430
16079	2699180209
16080	2454803625
16081	1001302106
16082	1319674594
16083	1733598806
16084	2732734641
16085	2656523366
16086	1051547220
16087	2666058145
16088	1046782872
16089	2454803038
16090	3795366304
16091	1515301283
16092	1616158633
16093	2829247032
16094	1419664212
16095	1551072352
16096	1083614418
16097	1768651380
16098	1786279017
16099	2829247032
16100	1419664210
16101	2705239383
16102	2588846242
16103	2740540574
16104	2947323198
16105	1718216284
16106	2224969793
16107	2705239387
16108	2588846757
16109	2744878238
16110	2596983506
16111	2560283704
16112	2224970328
16113	1568972377
16114	2845535917
16115	1776704680
16116	2656780694
16117	1051547220
16118	1319806434
16119	2542050908
16120	3214443944
16121	3552039377
16122	3653672332
16123	3281634991
16124	3470311620
16125	2544145321
16126	2661535128
16127	3620657106
16128	3335640793
16129	3560480721
16130	1566087336
16131	2656852112
16132	1856854872
16133	3935293659
16134	2697385180
16135	3881010333
16136	2656604307
16137	3248767647
16138	3818772385
16139	2656654763
16140	3478819716
16141	2699180209
16142	2656523689
16143	2058327443
16144	932945825
16145	2824310865
16146	2678479507
16147	951165602
16148	1370071962
16149	1436526938
16150	1983687511
16151	2444534848
16152	2677619817
16153	2778222230
16154	1621645652
16155	2167828837
16156	2555287191
16157	2757317790
16158	913073492
16159	1318492116
16160	1481875037
16161	1667323038
16162	3517020847
16163	2744661926
16164	1398778199
16165	1616010922
16166	2829247032
16167	1419662932
16168	2705239383
16169	2588847264
16170	1498521510
16171	2980307068
16172	2846071374
16173	2678676049
16174	2874766395
16175	2755696804
16176	1013541752
16177	1768585844
16178	1319936226
16179	1369417818
16180	1001302362
16181	1319674594
16182	1498717781
16183	2677358253
16184	2743553690
16185	2678545043
16186	1634428753
16187	3399580335
16188	2711107495
16189	1436527191
16190	2676831856
16191	2778353320
16192	1621382487
16193	2017241944
16194	2444534848
16195	2695380585
16196	2711723737
16197	2421244516
16198	913154629
16199	2666056865
16200	962962328
16201	2656655201
16202	949984897
16203	2547357584
16204	1364811425
16205	2692374608
16206	2588847264
16207	1666293675
16208	2732734641
16209	2656522854
16210	951164813
16211	1399235994
16212	1431593131
16213	2732734641
16214	2656851815
16215	1068325207
16216	3527758451
16217	1971294644
16218	3610811557
16219	1971296688
16220	1765440882
16221	951099296
16222	1399235994
16223	1431593122
16224	2732734641
16225	2656981862
16226	1051546963
16227	1554558166
16228	1100391832
16229	1465016491
16230	2597599391
16231	2656393624
16232	2308067666
16233	2946199213
16234	1776704680
16235	2656453270
16236	1051549267
16237	1319806434
16238	2558828119
16239	3214443944
16240	3552039377
16241	3653672332
16242	3281634991
16243	3470311620
16244	2544145321
16245	2661535128
16246	3620657106
16247	3335640793
16248	3560480721
16249	1482266792
16250	2656524688
16251	1856853593
16252	3935293659
16253	2697385180
16254	3881010333
16255	2656866451
16256	3248440223
16257	3634223247
16258	2656916907
16259	3478492292
16260	3399580335
16261	2711107495
16262	1436525656
16263	1549115306
16264	1165114795
16265	2140255396
16266	949789845
16267	2140778679
16268	981300029
16269	2963382377
16270	2846071374
16271	913597265
16272	1318492116
16273	1498717781
16274	1952732318
16275	2526532664
16276	1419663186
16277	1666489943
16278	3517020847
16279	2744661926
16280	1382065496
16281	1498898852
16282	2732734641
16283	2656981862
16284	1051546964
16285	1319674594
16286	1549114972
16287	1500987309
16288	1083483602
16289	1768649333
16290	1321918679
16291	1768650101
16292	1785951593
16293	2526532664
16294	1436441687
16295	1683332697
16296	3795366304
16297	1464969635
16298	1915369076
16299	2691263093
16300	2588846242
16301	2791069086
16302	2980488255
16303	1722128974
16304	1398843992
16305	2709172126
16306	2553784214
16307	2678478992
16308	913597009
16309	1319674594
16310	1515626077
16311	2980225404
16312	1772460622
16313	1432527957
16314	1950198621
16315	2444534848
16316	2862759529
16317	2778353320
