37278	3590867680
37279	3272769241
37280	3558861796
37281	4008874741
37282	2261409328
37283	1297452468
37284	2431149151
37285	1577725590
37286	376675686
37287	1884733642
37288	3695024543
37289	1897395221
37290	90021645
37291	2341127506
37292	3642827391
37293	2229865495
37294	1104187240
37295	3567455742
37296	1495998779
37297	388734863
37298	2930319034
37299	764705509
37300	581518722
37301	1315876499
37302	634715761
37303	3750273180
37304	488314442
37305	1852813064
37306	1392269467
37307	2250557924
37308	3137017492
37309	3387815299
37310	2060280516
37311	3338874020
37312	155524136
37313	3411931606
37314	4227699832
37315	1563266243
37316	298285438
37317	90449425
37318	901640802
37319	2028678232
37320	52361917
37321	712343592
37322	944529531
37323	3931956487
37324	4050408617
37325	1560435178
37326	3841600379
37327	1088082678
37328	2103988106
37329	1646285074
37330	247804949
37331	240509493
37332	3866668541
37333	2281111819
37334	849277294
37335	542992173
37336	906845185
37337	1343712739
37338	568168253
37339	2568849239
37340	763324287
37341	2624491012
37342	2838105594
37343	3517142218
37344	3789732479
37345	3844108837
37346	3783646373
37347	666845059
37348	3146938051
37349	264993555
37350	2406766431
37351	1820933401
37352	3946845168
37353	1911388371
37354	1825645016
37355	2767607718
37356	135756239
37357	4249660482
37358	3814314896
37359	1382293202
37360	3086104942
37361	3237540586
37362	2959901491
37363	1387427722
37364	2873114572
37365	2134196316
37366	790496935
37367	154032596
37368	255423626
37369	3676532861
37370	3898784641
37371	151623976
37372	3586742009
37373	2268660465
37374	984803491
37375	2856796888
37376	1250284201
37377	4132765773
37378	823101510
37379	1280886596
37380	2122718749
37381	3818533621
37382	1815855229
37383	2726917016
37384	3068421576
37385	1467055213
37386	2712771540
37387	1153897001
37388	3912168297
37389	2663910818
37390	2396936709
37391	2747307881
37392	2706788700
37393	2131170769
37394	983448091
37395	4218364390
37396	3255475631
37397	2383204404
37398	120470192
37399	447698061
37400	2469937386
37401	98911853
37402	398556875
37403	364767412
37404	4209056126
37405	2710402182
37406	4212896418
37407	2920176472
37408	646537956
37409	2870604262
37410	444472127
37411	3345260352
37412	3708099107
37413	136009730
37414	3721975566
37415	61670807
37416	2847762080
37417	2114050275
37418	586608770
37419	2560329281
37420	295656658
37421	4264304193
37422	350089589
37423	2056676842
37424	543421292
37425	1277512109
37426	2514107491
37427	1432737677
37428	766695663
37429	1144692708
37430	2101684198
37431	4018928114
37432	1182849954
37433	1584757764
37434	1653902741
37435	2776820794
37436	2694173726
37437	1555486756
37438	2035274906
37439	1779039990
37440	358274236
37441	1024018966
37442	3945665711
37443	3435406527
37444	1597941265
37445	1639599321
37446	1236297612
37447	1723603879
37448	1095584197
37449	291843525
37450	19057764
37451	2854056808
37452	3634292154
37453	2794871458
37454	2603628239
37455	2481835992
37456	3091760894
37457	1357238998
37458	727227578
37459	3823163344
37460	778271389
37461	2898261472
37462	1617311660
37463	2281472981
37464	4231922843
37465	214668429
37466	1709876667
37467	1876865342
37468	2500333030
37469	4063294731
37470	1773611128
37471	3506159659
37472	2490646031
37473	366150857
37474	521693806
37475	728590395
37476	1779549093
37477	2353216680
37478	466738394
37479	356363116
37480	2477834153
37481	3098019739
37482	166893728
37483	1955825021
37484	3655969544
37485	162564077
37486	3808471094
37487	2302351431
37488	3009476419
37489	4012407893
37490	3262977520
37491	4100411352
37492	867129187
37493	599926026
37494	4118640426
37495	2889098410
37496	1596281788
37497	3852582509
37498	3127180142
37499	784988155
37500	3094522453
37501	3864355661
37502	503097990
37503	1893838719
37504	451639771
37505	2295668110
37506	2679522908
37507	27265792
37508	548963533
37509	1582207236
37510	3512257299
37511	1766158088
37512	1821149180
37513	2397215210
37514	3082712240
37515	172763391
37516	677534961
37517	1705669443
37518	3651380841
37519	764056647
37520	1928767055
37521	2813898302
37522	4090166523
37523	2674738159
37524	486417806
37525	3907461343
37526	2932932430
37527	1760591741
37528	2155589149
37529	2504145559
37530	4133660627
37531	75395499
37532	3492112997
37533	3513256481
37534	1528543340
37535	2684353078
37536	3971504419
37537	3243639349
37538	3172887527
37539	1768617725
37540	942549368
37541	1928054894
37542	1673101203
37543	3066338220
37544	654731502
37545	2690528850
37546	1629300520
37547	2078798587
37548	288956583
37549	4142020443
37550	532916963
37551	3189058603
37552	1132471735
37553	3224166368
37554	1758483559
37555	1089278521
37556	660031402
37557	1454018873
37558	238159178
37559	348449592
37560	3885418736
37561	2969877841
37562	3237688190
37563	1352935764
37564	3499197010
37565	765107183
37566	3847648202
37567	797408683
37568	1244150328
37569	812526514
37570	389889328
37571	153531964
37572	2989368178
37573	2583111227
37574	692989237
37575	1821118254
37576	927648602
37577	505089075
37578	3035511789
37579	2026151170
37580	2169070837
37581	3270589167
37582	257006544
37583	1844677654
37584	1152268659
37585	2866659455
37586	308761322
37587	874088632
37588	138917737
37589	1445840027
37590	2539451963
37591	3409418074
37592	4147564111
37593	2924223979
37594	1166138660
37595	1528035066
37596	150495050
37597	1404991706
37598	1673999583
37599	361275323
37600	4035601215
37601	2038406071
37602	64862376
37603	293411860
37604	1425153387
37605	3893832875
37606	4063492481
37607	4177140526
37608	2141276713
37609	1294129814
37610	512144878
37611	1085796387
37612	686537302
37613	953062019
37614	1413641409
37615	4117623499
37616	715363704
37617	1008240175
37618	591709182
37619	503875015
37620	1682949094
37621	2903861727
37622	3259561218
37623	1054463842
37624	2219761283
37625	634295525
37626	4003681127
37627	3925578323
37628	876546156
37629	1918325302
37630	2509546355
37631	94081884
37632	3367692468
37633	3409110820
37634	2556122528
37635	535638366
37636	3656162437
37637	1996043857
37638	2740283634
37639	2281911240
37640	3270450815
37641	552712529
37642	3465970765
37643	1607267920
37644	3108085741
37645	4085143027
37646	1396612905
37647	220698755
37648	3170567513
37649	3405872764
37650	1445911726
37651	2786011117
37652	93588615
37653	121079814
37654	217476591
37655	1492400076
37656	3315604210
37657	2856228428
37658	2410636492
37659	89696538
37660	2790067024
37661	1273227707
37662	3237347306
37663	2831231118
37664	2836830208
37665	669329451
37666	1160757316
37667	1329888715
37668	3322876776
37669	1338241377
37670	539772562
37671	4276888540
37672	4236606382
37673	786951309
37674	1917159213
37675	4157357176
37676	1413625711
37677	939590969
37678	356043346
37679	110695048
37680	3405872765
37681	1245457647
37682	1535000814
37683	942833339
37684	2335556128
37685	762463611
37686	3877663444
37687	584197580
37688	809981027
37689	1145843994
37690	3823746606
37691	4127190234
37692	1533458756
37693	2924072617
37694	918764034
37695	2889707060
37696	932011783
37697	1370339648
37698	3502039831
37699	3802403884
37700	2568129622
37701	1444278271
37702	3108085998
37703	154891522
37704	659832477
37705	3440578875
37706	1199374998
37707	3962721485
37708	1017652418
37709	3877240904
37710	4187576041
37711	4226031681
37712	4143299409
37713	3040766297
37714	636749101
37715	959532687
37716	4117425364
37717	4030124441
37718	2367829882
37719	759350260
37720	590458630
37721	194529525
37722	863803771
37723	2230718682
37724	1120266811
37725	2744088850
37726	3377429805
37727	1420635481
37728	3499330384
37729	2689475631
37730	2862099733
37731	1884507334
37732	820987763
37733	1474680347
37734	1646498782
37735	1033024126
37736	2264999120
37737	2057233968
37738	1001324893
37739	3842605936
37740	1495168156
37741	87039080
37742	2478586690
37743	1033670609
37744	3656987515
37745	2404137869
37746	2280534880
37747	3835581596
37748	1424004276
37749	973210934
37750	2111367511
37751	971344729
37752	3104908155
37753	1362822532
37754	2366832688
37755	2605669569
37756	3508545133
37757	2492091606
37758	409496325
37759	3241884516
37760	90199213
37761	673857434
37762	3351032172
37763	2872702179
37764	383156455
37765	2430741847
37766	2296516870
37767	1793649653
37768	573569362
37769	2101168797
37770	2517305498
37771	2264079604
37772	4275016156
37773	3927412483
37774	2705319099
37775	227613331
37776	2231562491
37777	3823996546
37778	1165963872
37779	989625277
37780	1497511779
37781	1006633780
37782	2268011174
37783	1865649453
37784	1012885019
37785	3357477776
37786	3950729980
37787	3836350313
37788	4161504881
37789	3646718896
37790	3732636178
37791	2090874458
37792	2680397649
37793	3955429
37794	4191947951
37795	4074523764
37796	373696388
37797	2869942961
37798	2852197958
37799	320689569
37800	718736374
37801	1049881351
37802	943991436
37803	4293525228
37804	1062366831
37805	865688063
37806	84603397
37807	1588497806
37808	1956468313
37809	1109869907
37810	2895753386
37811	2053945412
37812	3896182240
37813	3089313906
37814	830860832
37815	798439688
37816	814065948
37817	1264732639
37818	4176143580
37819	407780299
37820	3315357362
37821	826663081
37822	104768746
37823	428148217
37824	3754473202
37825	3729552697
37826	1077641403
37827	54830332
37828	1082792005
37829	2141374363
37830	3703181102
37831	2350269753
37832	1140204952
37833	4244040865
37834	504800171
37835	155231231
37836	2321238071
37837	3427748098
37838	3774689266
37839	758437208
37840	3790662593
37841	852754295
37842	32293586
37843	3853125150
37844	1028091177
37845	1941786664
37846	116519899
37847	3121168291
37848	2716540949
37849	2931362111
37850	1094158618
37851	2405038392
37852	2370720691
37853	2689353788
37854	2320976955
37855	1526671247
37856	4026283932
37857	1066092047
37858	99657967
37859	1144492361
37860	2980951111
37861	2126542699
37862	3589729792
37863	1095126832
37864	3539610168
37865	908889092
37866	4180206796
37867	3104128678
37868	3460376902
37869	3417701621
37870	462178296
37871	230810941
37872	967985977
37873	853132277
37874	4074392943
37875	1148222955
37876	2833508391
37877	1966547980
37878	3401512885
37879	3928966200
37880	1452767089
37881	573384081
37882	1426467084
37883	742603753
37884	2226494903
37885	1044094264
37886	3895655137
37887	656318703
37888	1498265653
37889	346412001
37890	4013836140
37891	1433399815
37892	950416952
37893	1916242503
37894	2233008950
37895	2370719668
37896	2868789567
37897	2300266361
37898	3384385056
37899	1049499977
37900	1442394779
37901	3445248
37902	121874685
37903	2417577278
37904	4248279639
37905	3456105731
37906	3053273400
37907	1094290711
37908	3717605365
37909	3501585910
37910	1015700291
37911	150438369
37912	2970736564
37913	2852265798
37914	320558753
37915	4124903593
37916	1034419520
37917	370572186
37918	635241884
37919	1038757699
37920	862299914
37921	3793942705
37922	327273301
37923	3708327914
37924	3861857342
37925	2471516025
37926	2640340027
37927	1719489645
37928	1987224938
37929	2601154218
37930	4222939448
37931	1497181235
37932	2283428217
37933	1610404658
37934	2180459852
37935	1883032629
37936	419883836
37937	3757256690
37938	3629645109
