95666	897939593
95667	2003293036
95668	4237596447
95669	2060663885
95670	4101612352
95671	135984095
95672	482938295
95673	1577725590
95674	3792471777
95675	309140575
95676	2380879449
95677	2050071942
95678	2436778085
95679	2341127506
95680	3642827391
95681	2229865495
95682	1639993354
95683	2152478423
95684	1123003058
95685	3481104813
95686	2288551590
95687	92327859
95688	3653910591
95689	2691128647
95690	3707772338
95691	3023973043
95692	488314442
95693	1852813064
95694	1392269467
95695	2250557924
95696	3137017492
95697	3387815299
95698	1912493920
95699	4022466730
95700	4081409244
95701	2366036475
95702	1875518350
95703	3542452004
95704	2688238766
95705	792866047
95706	3981709914
95707	2601808972
95708	1310507823
95709	3076787332
95710	455735702
95711	3198174889
95712	3935845367
95713	3050250576
95714	1796325001
95715	1911447337
95716	1377687969
95717	1646285074
95718	247804949
95719	240509493
95720	3866668541
95721	2281111819
95722	849277294
95723	542992173
95724	906845185
95725	1343712739
95726	568168253
95727	2568849239
95728	763324287
95729	2624491012
95730	4237232211
95731	1970229005
95732	2481332148
95733	1541134582
95734	1773772277
95735	2307636967
95736	766827154
95737	1599209321
95738	160488694
95739	1715029656
95740	360517557
95741	3181934447
95742	2224324656
95743	463914110
95744	1885903679
95745	3201929664
95746	689821467
95747	3291888447
95748	3556946791
95749	3339829477
95750	571635574
95751	738872249
95752	1691814558
95753	1384972774
95754	220804423
95755	234931279
95756	196643774
95757	3001531115
95758	2819493589
95759	1116351778
95760	3388008925
95761	3957208947
95762	3606253958
95763	2485038339
95764	65244339
95765	1846202998
95766	3886631845
95767	1786023420
95768	2122718749
95769	3818533621
95770	1815855229
95771	2726917016
95772	3068421576
95773	1467055213
95774	2712771540
95775	1153897001
95776	3912168297
95777	2663910818
95778	2396936709
95779	2747307881
95780	2706788700
95781	2131170769
95782	983448091
95783	4218364390
95784	3255475631
95785	2383204404
95786	120470192
95787	447698061
95788	2469937386
95789	98911853
95790	398556875
95791	364767412
95792	4209056126
95793	2710402182
95794	4094396751
95795	142835460
95796	2713503122
95797	3551693179
95798	2711516517
95799	4064782927
95800	2909529501
95801	2926572377
95802	1407770309
95803	366001968
95804	398695079
95805	1908941888
95806	1440687418
95807	3621107032
95808	3511526259
95809	2382650358
95810	1997938464
95811	2457517526
95812	3589962911
95813	2420034041
95814	3483728591
95815	1171756262
95816	3861271898
95817	3615629845
95818	2695068339
95819	3824223613
95820	1065698556
95821	3693182850
95822	784416754
95823	1101486925
95824	3376336121
95825	4120560839
95826	2020281909
95827	2964506854
95828	1292056002
95829	1999832445
95830	726828349
95831	2830118442
95832	2460829999
95833	878999478
95834	2973749532
95835	1892853338
95836	3582764703
95837	1451074842
95838	477016083
95839	1214798475
95840	2170606264
95841	3509333806
95842	2143144356
95843	2372627363
95844	2508014297
95845	2021884278
95846	808898624
95847	3682712446
95848	2419478917
95849	582052198
95850	2730134313
95851	89359276
95852	2421744950
95853	2989574124
95854	2295220849
95855	1092788076
95856	3960891420
95857	4291284823
95858	2699365877
95859	906888081
95860	2712140767
95861	4067864868
95862	798542647
95863	3561668988
95864	3216948718
95865	2924221576
95866	3320691013
95867	565940832
95868	1866472280
95869	4214518436
95870	166893728
95871	1955825021
95872	3655969544
95873	162564077
95874	3808471094
95875	2302351431
95876	3009476419
95877	4012407893
95878	3262977520
95879	4100411352
95880	867129187
95881	599926026
95882	4118640426
95883	2889098410
95884	1596281788
95885	3852582509
95886	3127180142
95887	784988155
95888	3094522453
95889	3864355661
95890	503097990
95891	1893838719
95892	451639771
95893	2295668110
95894	2679522908
95895	27265792
95896	548963533
95897	1582207236
95898	3512257299
95899	1766158088
95900	1821149180
95901	2397215210
95902	3082712240
95903	172763391
95904	677534961
95905	1705669443
95906	3651380841
95907	764056647
95908	1928767055
95909	2813898302
95910	4090166523
95911	2674738159
95912	486417806
95913	3907461343
95914	2932932430
95915	1760591741
95916	2155589149
95917	2504145559
95918	4133660627
95919	75395499
95920	3492112997
95921	3513256481
95922	1528543340
95923	2565853411
95924	3547683379
95925	890119377
95926	2678199637
95927	35303485
95928	3277911735
95929	273781444
95930	2412634070
95931	298882447
95932	941232291
95933	3123550636
95934	3771321870
95935	3433174927
95936	1182369693
95937	1744202684
95938	1105425430
95939	302344879
95940	288431392
95941	77570576
95942	2466652845
95943	2227009530
95944	2393970225
95945	3809938959
95946	1166055020
95947	274632398
95948	3309706298
95949	311400734
95950	2070164797
95951	1441361462
95952	3380895578
95953	3296722076
95954	2558094741
95955	3734811019
95956	4031914050
95957	2720570772
95958	145935871
95959	3444027040
95960	2875927459
95961	3839073878
95962	1324140840
95963	2159587751
95964	1937302117
95965	3529421441
95966	1209048054
95967	2652223844
95968	2719097141
95969	896532704
95970	972378651
95971	1722689688
95972	304135632
95973	3520087981
95974	1587831333
95975	3772834519
95976	744523421
95977	2948659429
95978	1934678754
95979	3144705296
95980	3358530315
95981	2037923906
95982	2571686192
95983	804649929
95984	1282603250
95985	2837957589
95986	828764611
95987	1191517298
95988	3836721837
95989	3422752313
95990	1488735763
95991	4098287535
95992	2775166439
95993	3519633302
95994	2375703698
95995	2646091947
95996	2972379280
95997	4152706458
95998	1513767577
95999	947062422
96000	789563852
96001	89435626
96002	670723129
96003	2303026403
96004	1273060173
96005	619793165
96006	1188640650
96007	2394124053
96008	2184304439
96009	3561737699
96010	2994647632
96011	1777335747
96012	519320344
96013	695478131
96014	3268078830
96015	3197494730
96016	456248060
96017	3053085746
96018	3900577779
96019	2537533873
96020	696188386
96021	1676438977
96022	2531756820
96023	4271224773
96024	946223636
96025	1075660642
96026	2814600688
96027	2289265232
96028	196585130
96029	3486127316
96030	1632619730
96031	786859187
96032	1288994385
96033	3588025109
96034	1618320804
96035	1111813509
96036	3525678830
96037	858647742
96038	497342774
96039	1924402176
96040	495746741
96041	2493827383
96042	2932312170
96043	3657875975
96044	3698284319
96045	1689471053
96046	3980725845
96047	4275132871
96048	1764498813
96049	2526786010
96050	1989866433
96051	709499444
96052	2925363569
96053	2276491808
96054	1369671875
96055	1342468892
96056	4068075543
96057	4294756621
96058	345141858
96059	453400789
96060	1131779388
96061	2429889600
96062	416484412
96063	2800464306
96064	2561767837
96065	362453739
96066	3898320885
96067	3717337424
96068	1202597490
96069	3658310638
96070	2737623945
96071	3423815631
96072	3452054825
96073	762463611
96074	3877663444
96075	584197580
96076	809981027
96077	1145843994
96078	3823746606
96079	4127190234
96080	1533458756
96081	2924072617
96082	918764034
96083	2889707060
96084	932011783
96085	1370339648
96086	3502039831
96087	3802403884
96088	2568129622
96089	1444278271
96090	3108085998
96091	154891522
96092	659832477
96093	3440578875
96094	1199374998
96095	3962721485
96096	1017652418
96097	3877240904
96098	4187576041
96099	4226031681
96100	4143299409
96101	3040766297
96102	636749101
96103	959532687
96104	4117425364
96105	4030124441
96106	2367829882
96107	759350260
96108	590458630
96109	194529525
96110	863803771
96111	2230718682
96112	1120266811
96113	2744088850
96114	3377429805
96115	1420635481
96116	3499330384
96117	2689475631
96118	2862099733
96119	1884507334
96120	820987763
96121	1474680347
96122	1646498782
96123	1033024126
96124	2264999120
96125	2057233968
96126	1001324893
96127	3842605936
96128	1495168156
96129	87039080
96130	2478586690
96131	1033670609
96132	3656987515
96133	2404137869
96134	2280534880
96135	3835581596
96136	1424004276
96137	973210934
96138	2111367511
96139	971344729
96140	3104908155
96141	1362822532
96142	2366832688
96143	2605669569
96144	3508545133
96145	2492091606
96146	409496325
96147	3241884516
96148	90199213
96149	673857434
96150	3351032172
96151	2872702179
96152	383156455
96153	2430741847
96154	2296516870
96155	1793649653
96156	573569362
96157	2101168797
96158	2517305498
96159	2264079604
96160	4275016156
96161	3927412483
96162	2705319099
96163	227613331
96164	2231562491
96165	3823996546
96166	1165963872
96167	989625277
96168	1497511779
96169	1006633780
96170	2268011174
96171	1865649453
96172	1012885019
96173	3357477776
96174	3950729980
96175	3836350313
96176	4161504881
96177	3646718896
96178	3732636178
96179	2090874458
96180	2740549366
96181	4120271341
96182	1297488416
96183	2250194963
96184	2942592483
96185	2242494190
96186	2928542683
96187	4044624250
96188	1354883187
96189	2975387594
96190	1820522692
96191	1457389043
96192	845296763
96193	3723451977
96194	2175990046
96195	236644024
96196	2412314496
96197	2181535247
96198	2304821501
96199	2931378086
96200	268452464
96201	2855098172
96202	3551465758
96203	219856112
96204	339865434
96205	3093309493
96206	1312733449
96207	4164603540
96208	3443220683
96209	2595949297
96210	4153367030
96211	1247025696
96212	3095040132
96213	1502272043
96214	3635113315
96215	948285373
96216	2611908097
96217	1760629775
96218	3377514976
96219	3384105165
96220	3312227582
96221	3209749244
96222	2134139446
96223	259830779
96224	3018481416
96225	791457543
96226	2985445522
96227	2475576794
96228	3321664836
96229	1247934858
96230	2153230896
96231	1156475402
96232	3728887312
96233	877480718
96234	4136656110
96235	2228475983
96236	4219034364
96237	1517294394
96238	3645739975
96239	4030122899
96240	347384554
96241	2949337522
96242	70551553
96243	2487543188
96244	2284827519
96245	1449983500
96246	841052041
96247	3190862009
96248	3973902327
96249	3041635741
96250	3433978958
96251	1006924209
96252	1849519697
96253	1594507343
96254	3108546288
96255	4062348467
96256	3908373270
96257	4225667904
96258	1559246537
96259	4059861599
96260	1482403767
96261	677183984
96262	1420373335
96263	516928782
96264	4195228347
96265	3629160390
96266	1591454803
96267	3912560547
96268	3293020421
96269	3654170719
96270	3750803965
96271	3263260472
96272	2538663339
96273	2652836661
96274	1345790317
96275	3921555630
96276	4293713133
96277	1723943851
96278	1238543962
96279	3360558966
96280	1080965492
96281	2439122489
96282	2964931489
96283	2917867140
96284	4062283958
96285	4005517857
96286	3415313227
96287	1624177490
96288	3108152561
96289	4135474164
96290	1497210658
96291	437468096
96292	2164954641
96293	979750655
96294	2837693548
96295	520836767
96296	2471950654
96297	3860940548
96298	4122892318
96299	2743761170
96300	931595253
96301	4168021972
96302	4131377304
96303	1446193242
96304	2164252700
96305	673704889
96306	2385475693
96307	2738256214
96308	4274260259
96309	1212224335
96310	3937413140
96311	4194275993
96312	2305891335
96313	1116860978
96314	3765026789
96315	2018676270
96316	722120768
96317	3376166767
96318	739308907
96319	2035857532
96320	3002180986
96321	517452316
96322	2404246228
96323	4266424766
96324	1649716515
96325	996375432
96326	3242820666
96327	4024525910
96328	3499460435
96329	653246023
96330	390605379
96331	1123162198
96332	3737774139
96333	1504255579
96334	1378950649
96335	3705580499
96336	3744291258
96337	640111664
96338	3613164720
96339	1352525705
96340	2528120821
96341	4069872878
96342	2822892603
96343	2745134866
96344	500399122
96345	119394043
96346	3596638179
96347	1886969767
96348	2871028014
96349	3818063335
96350	1748133117
96351	436171322
96352	1513480617
96353	2048257082
96354	942061657
96355	2052585975
96356	3664030434
96357	2408272609
96358	1015348720
96359	3798938920
96360	1195818444
96361	3794626983
96362	986285163
96363	2281793667
96364	3318266598
96365	4174195428
96366	4083926607
96367	667288749
96368	2697279808
96369	355805938
96370	847969070
96371	3052608709
96372	4112876467
96373	2719624702
96374	2370556737
96375	2620598945
96376	3493158858
96377	2478247415
96378	2241759202
96379	289997618
96380	1701219620
96381	2570005153
96382	1226048308
96383	4015142624
96384	3205375031
96385	2165252907
96386	1423690813
96387	1390909875
96388	1258696052
96389	1030569180
96390	2636321589
96391	1855230837
96392	3856941038
96393	3924153574
96394	1502667563
96395	129952167
96396	4264365876
96397	817460607
96398	88972804
96399	1200021581
96400	532658154
96401	3055366955
96402	1182413751
96403	435907053
96404	2263141012
96405	3143639793
96406	1983274021
96407	1542404809
96408	4228200033
96409	925415005
96410	2692197695
96411	2100112375
96412	3636846249
96413	2582523223
96414	3476393866
96415	1314320171
96416	4241588624
