100797	17420389
100798	2003293036
100799	4237596447
100800	2060663885
100801	4101612352
100802	135984095
100803	482938295
100804	1577725590
100805	3792471777
100806	309140575
100807	2380879449
100808	2050071942
100809	2436778085
100810	2341127506
100811	3642827391
100812	2229865495
100813	1639993354
100814	2152478423
100815	1123003058
100816	3481104813
100817	2288551590
100818	92327859
100819	3653910591
100820	2691128647
100821	3707772338
100822	3023973043
100823	488314442
100824	1852813064
100825	1392269467
100826	2250557924
100827	3137017492
100828	3387815299
100829	1912493920
100830	4022466730
100831	4081409244
100832	2366036475
100833	1875518350
100834	3542452004
100835	2688238766
100836	792866047
100837	3981709914
100838	2601808972
100839	1310507823
100840	3076787332
100841	455735702
100842	3198174889
100843	3935845367
100844	3050250576
100845	1796325001
100846	1911447337
100847	1377687969
100848	1646285074
100849	247804949
100850	240509493
100851	3866668541
100852	2281111819
100853	849277294
100854	542992173
100855	906845185
100856	1343712739
100857	568168253
100858	2568849239
100859	763324287
100860	2624491012
100861	4237232211
100862	1970229005
100863	2481332148
100864	1541134582
100865	1773772277
100866	2307636967
100867	766827154
100868	1599209321
100869	160488694
100870	1715029656
100871	360517557
100872	3181934447
100873	2224324656
100874	463914110
100875	1885903679
100876	3201929664
100877	689821467
100878	3291888447
100879	3556946791
100880	3339829477
100881	571635574
100882	738872249
100883	1691814558
100884	1384972774
