32195	3819329713
32196	3040522190
32197	4077337233
32198	3258152253
32199	2779884765
32200	1297452468
32201	3236998858
32202	21153395
32203	895151123
32204	1884733642
32205	3695024543
32206	1897395221
32207	90021645
32208	3146977213
32209	2238372346
32210	2077748345
32211	1622662677
32212	3567455742
32213	1495998779
32214	388734863
32215	2930319034
32216	764705509
32217	581518722
32218	1315876499
32219	634715761
32220	3750273180
32221	488314442
32222	1852813064
32223	1392269467
32224	733471668
32225	678283901
32226	1399464444
32227	2578755953
32228	3338874020
32229	155524136
32230	3411931606
32231	4227699832
32232	1563266243
32233	298285438
32234	90449425
32235	901640802
32236	2028678232
32237	52361917
32238	712343592
32239	944529531
32240	3931956487
32241	4050408617
32242	1560435178
32243	3841600379
32244	1088082678
32245	2103988106
32246	1646285074
32247	247804949
32248	240509493
32249	3866668541
32250	2281111819
32251	849277294
32252	542992173
32253	906845185
32254	4121593779
32255	1601480451
32256	3371770746
32257	3476719583
32258	2217712157
32259	3356581031
32260	3517142218
32261	3789732479
32262	3844108837
32263	3783646373
32264	666845059
32265	3146938051
32266	264993555
32267	2406766431
32268	1820933401
32269	3946845168
32270	1911388371
32271	1825645016
32272	2767607718
32273	135756239
32274	4249660482
32275	3814314896
32276	1382293202
32277	3086104942
32278	3237540586
32279	2959901491
32280	1387427722
32281	2873114572
32282	2134196316
32283	790496935
32284	154032596
32285	255423626
32286	3676532861
32287	3898784641
32288	151623976
32289	3586742009
32290	2268660465
32291	984803491
32292	2856796888
32293	1250284201
32294	4132765773
32295	823101510
32296	1280886596
32297	2122718749
32298	3818533621
32299	1815855229
32300	2726917016
32301	3068421576
32302	1467055213
32303	2712771540
32304	1153897001
32305	3912168297
32306	2663910818
32307	2396936709
32308	2747307881
32309	2706788700
32310	2131170769
32311	983448091
32312	4218364390
32313	4292524344
32314	4124036731
32315	349832892
32316	1251647559
32317	74892029
32318	3296878717
32319	2758841351
32320	717878232
32321	3685335085
32322	2827344368
32323	436404559
32324	2920176472
32325	646537956
32326	2870604262
32327	444472127
32328	3345260352
32329	3708099107
32330	136009730
32331	3721975566
32332	61670807
32333	2847762080
32334	2114050275
32335	586608770
32336	2560329281
32337	295656658
32338	4264304193
32339	350089589
32340	2056676842
32341	543421292
32342	1277512109
32343	2514107491
32344	1432737677
32345	766695663
32346	1144692708
32347	2101684198
32348	4018928114
32349	1182849954
32350	1584757764
32351	1653902741
32352	2776820794
32353	2694173726
32354	1555486756
32355	2035274906
32356	1779039990
32357	358274236
32358	1024018966
32359	3945665711
32360	3435406527
32361	1597941265
32362	1639599321
32363	1236297612
32364	1723603879
32365	1095584197
32366	291843525
32367	19057764
32368	2854056808
32369	3634292154
32370	2794871458
32371	2603628239
32372	2481835992
32373	3091760894
32374	1357238998
32375	727227578
32376	3823163344
32377	778271389
32378	2898261472
32379	1617311660
32380	2281472981
32381	4231922843
32382	214668429
32383	1709876667
32384	1876865342
32385	2500333030
32386	4063294731
32387	1773611128
32388	3506159659
32389	2490646031
32390	366150857
32391	521693806
32392	728590395
32393	1779549093
32394	2353216680
32395	466738394
32396	356363116
32397	2477834153
32398	3098019739
32399	166893728
32400	1955825021
32401	3655969544
32402	162564077
32403	3808471094
32404	2302351431
32405	3009476419
32406	4012407893
32407	3262977520
32408	4100411352
32409	867129187
32410	599926026
32411	4118640426
32412	2889098410
32413	1596281788
32414	3852582509
32415	3127180142
32416	784988155
32417	3094522453
32418	3864355661
32419	503097990
32420	1893838719
32421	451639771
32422	2295668110
32423	2679522908
32424	27265792
32425	548963533
32426	1582207236
32427	3512257299
32428	1766158088
32429	1821149180
32430	2397215210
32431	3082712240
32432	1209812104
32433	307931721
32434	3816105010
32435	1072756432
32436	3572043756
32437	966059616
32438	285587943
32439	317653103
32440	4052206222
32441	3445306143
32442	4146539870
32443	532653795
32444	2226187556
32445	787983177
32446	4224862351
32447	970725531
32448	2714609554
32449	1701251907
32450	1126092461
32451	2047018777
32452	2684353078
32453	3971504419
32454	3243639349
32455	3172887527
32456	1768617725
32457	942549368
32458	1928054894
32459	1673101203
32460	3066338220
32461	654731502
32462	2690528850
32463	1629300520
32464	2078798587
32465	288956583
32466	4142020443
32467	532916963
32468	3189058603
32469	1132471735
32470	3224166368
32471	1758483559
32472	1089278521
32473	660031402
32474	1454018873
32475	238159178
32476	348449592
32477	3885418736
32478	2969877841
32479	3237688190
32480	1352935764
32481	3499197010
32482	765107183
32483	3847648202
32484	797408683
32485	1244150328
32486	812526514
32487	389889328
32488	153531964
32489	2989368178
32490	2583111227
32491	692989237
32492	1821118254
32493	927648602
32494	505089075
32495	3035511789
32496	2026151170
32497	2169070837
32498	3270589167
32499	257006544
32500	1844677654
32501	1152268659
32502	2866659455
32503	308761322
32504	874088632
32505	138917737
32506	1445840027
32507	2539451963
32508	3409418074
32509	4147564111
32510	2924223979
32511	1166138660
32512	1528035066
32513	150495050
32514	1404991706
32515	1673999583
32516	361275323
32517	4035601215
32518	2038406071
32519	64862376
32520	293411860
32521	1425153387
32522	3893832875
32523	4063492481
32524	4177140526
32525	2141276713
32526	1294129814
32527	512144878
32528	1085796387
32529	686537302
32530	953062019
32531	1413641409
32532	4117623499
32533	715363704
32534	1008240175
32535	591709182
32536	503875015
32537	1682949094
32538	2903861727
32539	3259561218
32540	1054463842
32541	2219761283
32542	634295525
32543	4003681127
32544	3925578323
32545	876546156
32546	1918325302
32547	2509546355
32548	94081884
32549	3367692468
32550	3409110820
32551	2556122528
32552	535638366
32553	3656162437
32554	1996043857
32555	2740283634
32556	2281911240
32557	3270450815
32558	552712529
32559	3465970765
32560	1607267920
32561	3108085741
32562	4085143027
32563	1396612905
32564	220698755
32565	3170567513
32566	3405872764
32567	1445911726
32568	2786011117
32569	93588615
32570	121079814
32571	217476591
32572	1492400076
32573	3315604210
32574	2856228428
32575	2410636492
32576	89696538
32577	2790067024
32578	1273227707
32579	3237347306
32580	2831231118
32581	2836830208
32582	669329451
32583	1160757316
32584	1329888715
32585	3322876776
32586	1338241377
32587	539772562
32588	4276888540
32589	4236606382
32590	786951309
32591	1917159213
32592	4157357176
32593	1413625711
32594	939590969
32595	356043346
32596	110695048
32597	3405872765
32598	1245457647
32599	1535000814
32600	942833339
32601	2335556128
32602	762463611
32603	3877663444
32604	584197580
32605	809981027
32606	1145843994
32607	3823746606
32608	4127190234
32609	1533458756
32610	2924072617
32611	918764034
32612	2889707060
32613	932011783
32614	1370339648
32615	3502039831
32616	3802403884
32617	2568129622
32618	1444278271
32619	3108085998
32620	154891522
32621	659832477
32622	3440578875
32623	1199374998
32624	3962721485
32625	1017652418
32626	3877240904
32627	4187576041
32628	4226031681
32629	4143299409
32630	3040766297
32631	636749101
32632	959532687
32633	4117425364
32634	4030124441
32635	2367829882
32636	759350260
32637	590458630
32638	194529525
32639	863803771
32640	2230718682
32641	1120266811
32642	2744088850
32643	3377429805
32644	1420635481
32645	3499330384
32646	2689475631
32647	2862099733
32648	1884507334
32649	820987763
32650	1474680347
32651	1646498782
32652	1033024126
32653	2264999120
32654	2057233968
32655	1001324893
32656	3842605936
32657	1495168156
32658	87039080
32659	2478586690
32660	1033670609
32661	3656987515
32662	2404137869
32663	2280534880
32664	3835581596
32665	1424004276
32666	973210934
32667	2111367511
32668	971344729
32669	719526649
32670	490285455
32671	169741579
32672	138190142
32673	2371354675
32674	1444750335
32675	2910744413
32676	2456979315
32677	910713153
32678	2661330603
32679	747649145
32680	218410471
32681	2337711543
32682	2242843696
32683	2772244800
32684	1840375599
32685	1060932954
32686	2991273268
32687	1124067812
32688	2321238331
32689	3319483829
32690	827056041
32691	104506602
32692	428147193
32693	3737564914
32694	2783589938
32695	956288845
32696	4126661628
32697	150290659
32698	4074571692
32699	4070591554
32700	1195101273
32701	4157508941
32702	2852067909
32703	387536289
32704	1313715618
32705	4248910729
32706	1172149028
32707	4041720306
32708	2300265767
32709	2680397649
32710	3955429
32711	4191947951
32712	4074523764
32713	373696388
32714	2869942961
32715	2852197958
32716	320689569
32717	718736374
32718	1049881351
32719	943991436
32720	4293525228
32721	1062366831
32722	865688063
32723	84603397
32724	1588497806
32725	1956468313
32726	1109869907
32727	2895753386
32728	2053945412
32729	3896182240
32730	3089313906
32731	830860832
32732	798439688
32733	814065948
32734	1264732639
32735	4176143580
32736	407780299
32737	3315357362
32738	826663081
32739	104768746
32740	428148217
32741	3754473202
32742	3729552697
32743	1077641403
32744	54830332
32745	1082792005
32746	2141374363
32747	3703181102
32748	2350269753
32749	1140204952
32750	4244040865
32751	504800171
32752	155231231
32753	2321238071
32754	3427748098
32755	3774689266
32756	758437208
32757	3790662593
32758	852754295
32759	32293586
32760	3853125150
32761	1028091177
32762	1941786664
32763	116519899
32764	3121168291
32765	2716540949
32766	2931362111
32767	1094158618
32768	2405038392
32769	2370720691
32770	2689353788
32771	2320976955
32772	1526671247
32773	4026283932
32774	1066092047
32775	99657967
32776	1144492361
32777	2980951111
32778	2126542699
32779	3589729792
32780	1095126832
32781	3539610168
32782	908889092
32783	4180206796
32784	3104128678
32785	3460376902
32786	3417701621
32787	462178296
32788	230810941
32789	967985977
32790	853132277
32791	4074392943
32792	1148222955
32793	2833508391
32794	1966547980
32795	3401512885
32796	3928966200
32797	1452767089
32798	573384081
32799	1426467084
32800	742603753
32801	2226494903
32802	1044094264
32803	3895655137
32804	656318703
32805	1498265653
32806	346412001
32807	4013836140
32808	1433399815
32809	950416952
32810	1916242503
32811	2233008950
32812	2370719668
32813	2868789567
32814	2300266361
32815	3384385056
32816	1049499977
32817	1442394779
32818	3445248
32819	121874685
32820	2417577278
32821	4248279639
32822	3456105731
32823	3053273400
32824	1094290711
32825	3717605365
32826	3501585910
32827	1015700291
32828	150438369
32829	2970736564
32830	2852265798
32831	320558753
32832	4124903593
32833	1034419520
32834	370572186
32835	635241884
32836	1038757699
32837	862299914
32838	3793942705
32839	327273301
32840	3708327914
32841	3861857342
32842	2471516025
32843	2640340027
32844	1719489645
32845	1987224938
32846	2601154218
32847	4222939448
32848	1497181235
32849	2283428217
32850	1610404658
32851	2180459852
32852	1883032629
32853	419883836
32854	3757256690
32855	3629645109
32856	2806598900
32857	133255063
32858	1160874751
32859	3789474489
32860	1017637685
32861	2231565608
32862	3149198075
32863	1966715477
32864	3014789121
32865	4248909964
32866	999119351
32867	183861282
32868	1229780127
32869	1335495903
32870	2782127596
32871	2689354044
32872	2320976956
32873	4176076034
32874	1127131437
32875	739041792
32876	4147634686
32877	1160217880
32878	3638624431
32879	844948137
32880	838000957
32881	3579211494
32882	3619617529
32883	3497342481
32884	4057186033
32885	4255140939
32886	1094290199
32887	2350400807
32888	4164327772
32889	3725177022
32890	1204085799
32891	1287140949
32892	2716540178
32893	2830829116
32894	1094749207
32895	2606105129
32896	2565408323
32897	959025719
32898	959299583
32899	138190654
32900	2371355701
32901	1478304767
32902	2910744413
32903	2456979315
32904	910713153
32905	2661330603
32906	747780217
32907	218410985
32908	2337711543
32909	2242909488
32910	2587696174
32911	1840441903
32912	1815720534
32913	2985640962
32914	3305370191
32915	3090568524
32916	3944682406
32917	3759668639
32918	2817209897
32919	184297686
32920	3086153129
32921	1966715477
32922	2880964348
32923	1094749207
32924	2371221558
32925	3050102281
32926	2852132935
32927	3090568780
32928	17516961
32929	3119774384
32930	965368643
32931	311664873
32932	1084948032
32933	407649933
32934	4108016118
32935	937295910
32936	2233271603
32937	200884185
32938	3204988579
32939	99766173
32940	1346145553
32941	3579327477
32942	3501650936
32943	982194245
32944	3406361666
32945	4294237449
32946	121809661
32947	4065303053
32948	447140834
32949	1084685632
32950	407714444
32951	899242747
32952	2416361463
32953	2671727214
32954	184501214
32955	1467033904
32956	943602588
32957	3001694469
32958	1382969365
32959	2572879140
32960	217187884
32961	2928512885
32962	2639682118
32963	658854981
32964	2578492325
32965	1824015724
32966	1007215394
32967	590378109
32968	2246452099
32969	2721710573
32970	2242586174
32971	1498079876
32972	3957644736
32973	2534286207
32974	3090569804
32975	3554995678
32976	4062848394
32977	2232090214
32978	3401118459
32979	3946196362
32980	888543496
32981	4126728446
32982	150160094
32983	4131509426
32984	105096956
32985	2417577274
32986	2664341331
32987	3090046009
32988	3122080500
32989	104869047
32990	4052488129
32991	4238363723
32992	1470229284
32993	2432943100
32994	2801615165
32995	860347794
32996	3790662848
32997	999299396
32998	3406362948
32999	200884186
33000	3204988579
33001	166875038
33002	1078582609
33003	950848439
33004	584152375
33005	804443070
33006	138390269
33007	1016076618
33008	1319479510
33009	1303916121
33010	3753514786
33011	2434352443
33012	1443311001
33013	4182240648
33014	696924228
33015	4042581492
33016	1062366831
33017	2572548849
33018	2868262441
33019	2374989458
33020	1448757148
33021	1163150949
33022	2964039285
33023	3091557786
33024	2736868266
33025	640644400
33026	2283428217
33027	1049886292
33028	4163845038
33029	3493611330
33030	3691063026
33031	3729962249
33032	1497016830
33033	603306037
33034	767033611
33035	3737762034
33036	4059245093
33037	886398008
33038	2916005876
33039	2417575801
33040	150553821
33041	2887112375
33042	2852133192
33043	3090568781
33044	17517217
33045	3171019432
33046	1278839386
33047	538153888
33048	121678589
33049	2992058187
33050	448520688
33051	4282464142
33052	1211878152
33053	2706352845
33054	1256368640
33055	1051388981
33056	4261230733
33057	4227328417
33058	3944879783
33059	3121167779
33060	1066408262
33061	1139878809
33062	3086152872
33063	1966715477
33064	2176583932
33065	3729028409
33066	3606705184
33067	3928684599
33068	1003031798
33069	4237119055
33070	1017380928
33071	1335298279
33072	2782127085
33073	2902409536
33074	1127714905
33075	1240501581
33076	1127328301
33077	889905664
33078	4164411892
33079	892654939
33080	3992770987
33081	567440693
33082	3922056128
33083	4246883268
33084	911887799
33085	1280431778
33086	950286904
33087	279266117
33088	841000694
33089	1279671433
33090	1464417417
33091	122108033
33092	3255321772
33093	2716542236
33094	2999060541
33095	1094554137
33096	2404776247
33097	1459696016
33098	1229779615
33099	1531329673
33100	1330770060
33101	3943185558
33102	2236289072
33103	2795830092
33104	2320124967
33105	1215068789
33106	259611558
33107	2737394157
33108	3204071921
33109	976827633
33110	56196493
33111	4194035877
33112	2365930539
33113	3535056900
33114	2817144364
33115	1171522357
33116	4124769832
33117	958765130
33118	2883840806
33119	2699565644
33120	3090569808
33121	3555127775
33122	826878601
33123	1725368306
33124	753218384
33125	2449041031
33126	2879596874
33127	817822279
33128	2839165236
33129	2316657796
33130	87480073
33131	1186243400
33132	1094291480
33133	1199144451
33134	2636437145
33135	423967927
33136	1000036349
33137	2449720313
33138	2818457917
33139	1195282005
33140	916085506
33141	4172020546
33142	1094291479
33143	2417510439
33144	687397716
33145	4126596608
33146	1531193220
33147	3629447919
33148	3032352065
33149	4265687183
33150	2634949682
33151	3554602464
33152	4248909965
33153	1049449978
33154	1442641628
33155	3321494256
33156	1382969365
33157	3691508022
33158	3845343790
33159	1488794468
33160	2896372041
33161	2056800335
33162	2912024395
33163	1295551049
33164	2055481123
33165	1017590879
33166	1855111300
33167	1799701858
33168	2878421893
33169	1357815848
33170	1072925999
33171	2779876181
33172	3811607985
33173	363151378
33174	1430498275
33175	1815720534
33176	3052816124
33177	3305567311
33178	3090568782
33179	3642034856
33180	3170237938
33181	2416327449
33182	4142719451
33183	3171303847
33184	1103712309
33185	2765997047
33186	1161415436
33187	1475932188
33188	1229386911
33189	407452297
33190	4115128330
33191	3708071869
33192	2818457918
33193	424427466
33194	3399569080
33195	777534377
33196	388429495
33197	1009694720
33198	4274897853
33199	4288695363
33200	1503783712
33201	2432877052
33202	2868724024
33203	1161727321
33204	1106283853
33205	1127000877
33206	738648576
33207	4181188865
33208	1126663450
33209	369636311
33210	2987841465
33211	2852397387
33212	1098332593
33213	3871804991
33214	4259512618
33215	907135289
33216	3254369592
33217	1279540617
33218	2367178279
33219	1160217882
33220	2572418296
33221	3082619708
33222	3303222046
