94695	3477995077
94696	2003293036
94697	4237596447
94698	2060663885
94699	4101612352
94700	135984095
94701	482938295
94702	1577725590
94703	3792471777
94704	309140575
94705	2380879449
94706	2050071942
94707	2436778085
94708	2341127506
94709	3642827391
94710	2229865495
94711	1639993354
94712	2152478423
94713	1123003058
94714	3481104813
94715	2288551590
94716	92327859
94717	3653910591
94718	2691128647
94719	3707772338
94720	3023973043
94721	488314442
94722	1852813064
94723	1392269467
94724	2250557924
94725	3137017492
94726	3387815299
94727	1912493920
94728	4022466730
94729	4081409244
94730	2366036475
94731	1875518350
94732	3542452004
94733	2688238766
94734	792866047
94735	3981709914
94736	2601808972
94737	1310507823
94738	3076787332
94739	455735702
94740	3198174889
94741	3935845367
94742	3050250576
94743	1796325001
94744	1911447337
94745	1377687969
94746	1646285074
94747	247804949
94748	240509493
94749	3866668541
94750	2281111819
94751	849277294
94752	542992173
94753	906845185
94754	1343712739
94755	568168253
94756	2568849239
94757	763324287
94758	2624491012
94759	4237232211
94760	1970229005
94761	2481332148
94762	1541134582
94763	1773772277
94764	2307636967
94765	766827154
94766	1599209321
94767	160488694
94768	1715029656
94769	360517557
94770	3181934447
94771	2224324656
94772	463914110
94773	1885903679
94774	3201929664
94775	689821467
94776	3291888447
94777	3556946791
94778	3339829477
94779	571635574
94780	738872249
94781	1691814558
94782	1384972774
94783	220804423
94784	234931279
94785	196643774
94786	3001531115
94787	2819493589
94788	1116351778
94789	3388008925
94790	3957208947
94791	3606253958
94792	2485038339
94793	65244339
94794	1846202998
94795	3886631845
94796	1786023420
94797	2122718749
94798	3818533621
94799	1815855229
94800	2726917016
94801	3068421576
94802	1467055213
94803	2712771540
94804	1153897001
94805	3912168297
94806	2663910818
94807	2396936709
94808	2747307881
94809	2706788700
94810	2131170769
94811	983448091
94812	4218364390
94813	3255475631
94814	2383204404
94815	120470192
94816	447698061
94817	2469937386
94818	98911853
94819	398556875
94820	364767412
94821	4209056126
94822	2710402182
94823	4094396751
94824	142835460
94825	2713503122
94826	3551693179
94827	2711516517
94828	4064782927
94829	2909529501
94830	2926572377
94831	1407770309
94832	366001968
94833	398695079
94834	1908941888
94835	1440687418
94836	3621107032
94837	3511526259
94838	2382650358
94839	1997938464
94840	2457517526
94841	3589962911
94842	2420034041
94843	3483728591
94844	1171756262
94845	3861271898
94846	3615629845
94847	2695068339
94848	3824223613
94849	1065698556
94850	3693182850
94851	784416754
94852	1101486925
94853	3376336121
94854	4120560839
94855	2020281909
94856	2964506854
94857	1292056002
94858	1999832445
94859	726828349
94860	2830118442
94861	2460829999
94862	878999478
94863	2973749532
94864	1892853338
94865	3582764703
94866	1451074842
94867	477016083
94868	1214798475
94869	2170606264
94870	3509333806
94871	2143144356
94872	2372627363
94873	2508014297
94874	2021884278
94875	808898624
94876	3682712446
94877	2419478917
94878	582052198
94879	2730134313
94880	89359276
94881	2421744950
94882	2989574124
94883	2295220849
94884	1092788076
94885	3960891420
94886	4291284823
94887	2699365877
94888	906888081
94889	2712140767
94890	4067864868
94891	798542647
94892	3561668988
94893	3216948718
94894	2924221576
94895	3320691013
94896	565940832
94897	1866472280
94898	4214518436
94899	166893728
94900	1955825021
94901	3655969544
94902	162564077
94903	3808471094
94904	2302351431
94905	3009476419
94906	4012407893
94907	3262977520
94908	4100411352
94909	867129187
94910	599926026
94911	4118640426
94912	2889098410
94913	1596281788
94914	3852582509
94915	3127180142
94916	784988155
94917	3094522453
94918	3864355661
94919	503097990
94920	1893838719
94921	451639771
94922	2295668110
94923	2679522908
94924	27265792
94925	548963533
94926	1582207236
94927	3512257299
94928	1766158088
94929	1821149180
94930	2397215210
94931	3082712240
94932	172763391
94933	677534961
94934	1705669443
94935	3651380841
94936	764056647
94937	1928767055
94938	2813898302
94939	4090166523
94940	2674738159
94941	486417806
94942	3907461343
94943	2932932430
94944	1760591741
94945	2155589149
94946	2504145559
94947	4133660627
94948	75395499
94949	3492112997
94950	3513256481
94951	1528543340
94952	2565853411
94953	3547683379
94954	890119377
94955	2678199637
94956	35303485
94957	3277911735
94958	273781444
94959	2412634070
94960	298882447
94961	941232291
94962	3123550636
94963	3771321870
94964	3433174927
94965	1182369693
94966	1744202684
94967	1105425430
94968	302344879
94969	288431392
94970	77570576
94971	2466652845
94972	2227009530
94973	2393970225
94974	3809938959
94975	1166055020
94976	274632398
94977	3309706298
94978	311400734
94979	2070164797
94980	1441361462
94981	3380895578
94982	3296722076
94983	2558094741
94984	3734811019
94985	4031914050
94986	2720570772
94987	145935871
94988	3444027040
94989	2875927459
94990	3839073878
94991	1324140840
94992	2159587751
94993	1937302117
94994	3529421441
94995	1209048054
94996	2652223844
94997	2719097141
94998	896532704
94999	972378651
95000	1722689688
95001	304135632
95002	3520087981
95003	1587831333
95004	3772834519
95005	744523421
95006	2948659429
95007	1934678754
95008	3144705296
95009	3358530315
95010	2037923906
95011	2571686192
95012	804649929
95013	1282603250
95014	2837957589
95015	828764611
95016	1191517298
95017	3836721837
95018	3422752313
95019	1488735763
95020	4098287535
95021	2775166439
95022	3519633302
95023	2375703698
95024	2646091947
95025	2972379280
95026	4152706458
95027	1513767577
95028	947062422
95029	789563852
95030	89435626
95031	670723129
95032	2303026403
95033	1273060173
95034	619793165
95035	1188640650
95036	2394124053
95037	2184304439
95038	3561737699
95039	2994647632
95040	1777335747
95041	519320344
95042	695478131
95043	3268078830
95044	3197494730
95045	456248060
95046	3053085746
95047	3900577779
95048	2537533873
95049	696188386
95050	1676438977
95051	2531756820
95052	4271224773
95053	946223636
95054	1075660642
95055	2814600688
95056	2289265232
95057	196585130
95058	3486127316
95059	1632619730
95060	786859187
95061	1288994385
95062	3588025109
95063	1618320804
95064	1111813509
95065	3525678830
95066	858647742
95067	497342774
95068	1924402176
95069	495746741
95070	2493827383
95071	2932312170
95072	3657875975
95073	3698284319
95074	1689471053
95075	3980725845
95076	4275132871
95077	1764498813
95078	2526786010
95079	1989866433
95080	709499444
95081	2925363569
95082	2276491808
95083	1369671875
95084	1342468892
95085	4068075543
95086	4294756621
95087	345141858
95088	453400789
95089	1131779388
95090	2429889600
95091	416484412
95092	2800464306
95093	2561767837
95094	362453739
95095	3898320885
95096	3717337424
95097	1202597490
95098	3658310638
95099	2737623945
95100	3423815631
95101	3452054825
95102	762463611
95103	3877663444
95104	584197580
95105	809981027
95106	1145843994
95107	3823746606
95108	4127190234
95109	1533458756
95110	2924072617
95111	918764034
95112	2889707060
95113	932011783
95114	1370339648
95115	3502039831
95116	3802403884
95117	2568129622
95118	1444278271
95119	3108085998
95120	154891522
95121	659832477
95122	3440578875
95123	1199374998
95124	3962721485
95125	1017652418
95126	3877240904
95127	4187576041
95128	4226031681
95129	4143299409
95130	3040766297
95131	636749101
95132	959532687
95133	4117425364
95134	4030124441
95135	2367829882
95136	759350260
95137	590458630
95138	194529525
95139	863803771
95140	2230718682
95141	1120266811
95142	2744088850
95143	3377429805
95144	1420635481
95145	3499330384
95146	2689475631
95147	2862099733
95148	1884507334
95149	820987763
95150	1474680347
95151	1646498782
95152	1033024126
95153	2264999120
95154	2057233968
95155	1001324893
95156	3842605936
95157	1495168156
95158	87039080
95159	2478586690
95160	1033670609
95161	3656987515
95162	2404137869
95163	2280534880
95164	3835581596
95165	1424004276
95166	973210934
95167	2111367511
95168	971344729
95169	3104908155
95170	1362822532
95171	2366832688
95172	2605669569
95173	3508545133
95174	2492091606
95175	409496325
95176	3241884516
95177	90199213
