67140	3410450275
67141	630227976
67142	916320531
67143	4008874741
67144	3913835359
67145	1297452468
67146	2431149151
67147	1577725590
67148	2029101717
67149	1884733642
67150	3695024543
67151	1897395221
67152	90021645
67153	2341127506
67154	3642827391
67155	2229865495
67156	2756613271
67157	3567455742
67158	1495998779
67159	388734863
67160	2930319034
67161	764705509
67162	581518722
67163	1315876499
67164	634715761
67165	3750273180
67166	488314442
67167	1852813064
67168	1392269467
67169	2250557924
67170	3137017492
67171	3387815299
67172	1912493920
67173	844119351
67174	155524136
67175	3411931606
67176	4227699832
67177	1563266243
67178	298285438
67179	90449425
67180	901640802
67181	2028678232
67182	52361917
67183	712343592
67184	944529531
67185	3931956487
67186	4050408617
67187	1560435178
67188	3841600379
67189	1088082678
67190	2103988106
67191	1646285074
67192	247804949
67193	240509493
67194	3866668541
67195	2281111819
67196	849277294
67197	542992173
67198	906845185
67199	1343712739
67200	568168253
67201	2568849239
67202	763324287
67203	2624491012
67204	4237232211
67205	1970229005
67206	2481332148
67207	1541134582
67208	1773772277
67209	3547036975
67210	3146938051
67211	264993555
67212	2406766431
67213	1820933401
67214	3946845168
67215	1911388371
67216	1825645016
67217	2767607718
67218	135756239
67219	4249660482
67220	3814314896
67221	1382293202
67222	3086104942
67223	3237540586
67224	2959901491
67225	1387427722
67226	2873114572
67227	2134196316
67228	790496935
67229	154032596
67230	255423626
67231	3676532861
67232	3898784641
67233	151623976
67234	3586742009
67235	2268660465
67236	984803491
67237	2856796888
67238	1250284201
67239	4132765773
67240	823101510
67241	1280886596
67242	2122718749
67243	3818533621
67244	1815855229
67245	2726917016
67246	3068421576
67247	1467055213
67248	2712771540
67249	1153897001
67250	3912168297
67251	2663910818
67252	2396936709
67253	2747307881
67254	2706788700
67255	2131170769
67256	983448091
67257	4218364390
67258	3255475631
67259	2383204404
67260	120470192
67261	447698061
67262	2469937386
67263	98911853
67264	398556875
67265	364767412
67266	4209056126
67267	2710402182
67268	4094396751
67269	142835460
67270	2713503122
67271	3551693179
67272	2711516517
67273	4064782927
67274	2909529501
67275	2926572377
67276	1407770309
67277	366001968
67278	398695079
67279	1908941888
67280	1440687418
67281	3621107032
67282	43437103
67283	4264304193
67284	350089589
67285	2056676842
67286	543421292
67287	1277512109
67288	2514107491
67289	1432737677
67290	766695663
67291	1144692708
67292	2101684198
67293	4018928114
67294	1182849954
67295	1584757764
67296	1653902741
67297	2776820794
67298	2694173726
67299	1555486756
67300	2035274906
67301	1779039990
67302	358274236
67303	1024018966
67304	3945665711
67305	3435406527
67306	1597941265
67307	1639599321
67308	1236297612
67309	1723603879
67310	1095584197
67311	291843525
67312	19057764
67313	2854056808
67314	3634292154
67315	2794871458
67316	2603628239
67317	2481835992
67318	3091760894
67319	1357238998
67320	727227578
67321	3823163344
67322	778271389
67323	2898261472
67324	1617311660
67325	2281472981
67326	4231922843
67327	214668429
67328	1709876667
67329	1876865342
67330	2500333030
67331	4063294731
67332	1773611128
67333	3506159659
67334	2490646031
67335	366150857
67336	521693806
67337	728590395
67338	1779549093
67339	2353216680
67340	466738394
67341	356363116
67342	2477834153
67343	3098019739
67344	166893728
67345	1955825021
67346	3655969544
67347	162564077
67348	3808471094
67349	2302351431
67350	3009476419
67351	4012407893
67352	3262977520
67353	4100411352
67354	867129187
67355	599926026
67356	4118640426
67357	2889098410
67358	1596281788
67359	3852582509
67360	3127180142
67361	784988155
67362	3094522453
67363	3864355661
67364	503097990
67365	1893838719
67366	451639771
67367	2295668110
67368	2679522908
67369	27265792
67370	548963533
67371	1582207236
67372	3512257299
67373	1766158088
67374	1821149180
67375	2397215210
67376	3082712240
67377	172763391
67378	677534961
67379	1705669443
67380	3651380841
67381	764056647
67382	1928767055
67383	2813898302
67384	4090166523
67385	2674738159
67386	486417806
67387	3907461343
67388	2932932430
67389	1760591741
67390	2155589149
67391	2504145559
67392	4133660627
67393	75395499
67394	3492112997
67395	3513256481
67396	1528543340
67397	2565853411
67398	3547683379
67399	890119377
67400	2678199637
67401	35303485
67402	3277911735
67403	273781444
67404	2412634070
67405	298882447
67406	941232291
67407	3123550636
67408	3771321870
67409	3433174927
67410	1182369693
67411	1744202684
67412	1105425430
67413	302344879
67414	288431392
67415	77570576
67416	2466652845
67417	2227009530
67418	2393970225
67419	3809938959
67420	1166055020
67421	274632398
67422	3309706298
67423	311400734
67424	2070164797
67425	2268239602
67426	3499197010
67427	765107183
67428	3847648202
67429	797408683
67430	1244150328
67431	812526514
67432	389889328
67433	153531964
67434	2989368178
67435	2583111227
67436	692989237
67437	1821118254
67438	927648602
67439	505089075
67440	3035511789
67441	2026151170
67442	2169070837
67443	3270589167
67444	257006544
67445	1844677654
67446	1152268659
67447	2866659455
67448	308761322
67449	874088632
67450	138917737
67451	1445840027
67452	2539451963
67453	3409418074
67454	4147564111
67455	2924223979
67456	1166138660
67457	1528035066
67458	150495050
67459	1404991706
67460	1673999583
67461	361275323
67462	4035601215
67463	2038406071
67464	64862376
67465	293411860
67466	1425153387
67467	3893832875
67468	4063492481
67469	4177140526
67470	2141276713
67471	1294129814
67472	512144878
67473	1085796387
67474	686537302
67475	953062019
67476	1413641409
67477	4117623499
67478	715363704
67479	1008240175
67480	591709182
67481	503875015
67482	1682949094
67483	2903861727
67484	3259561218
67485	1054463842
67486	2219761283
67487	634295525
67488	4003681127
67489	3925578323
67490	876546156
67491	1918325302
67492	2509546355
67493	94081884
67494	3367692468
67495	3409110820
67496	2556122528
67497	535638366
67498	3656162437
67499	1996043857
67500	2740283634
67501	2281911240
67502	3270450815
67503	552712529
67504	3465970765
67505	1607267920
67506	3108085741
67507	4085143027
67508	1396612905
67509	220698755
67510	3170567513
67511	3405872764
67512	1445911726
67513	2786011117
67514	93588615
67515	121079814
67516	217476591
67517	1492400076
67518	3315604210
67519	2856228428
67520	2410636492
67521	89696538
67522	2790067024
67523	1273227707
67524	3237347306
67525	2831231118
67526	2836830208
67527	669329451
67528	1160757316
67529	1329888715
67530	3322876776
67531	1338241377
67532	539772562
67533	4276888540
67534	4236606382
67535	786951309
67536	1917159213
67537	4157357176
67538	1413625711
67539	939590969
67540	356043346
67541	110695048
67542	3405872765
67543	1245457647
67544	1535000814
67545	942833339
67546	2335556128
67547	762463611
67548	3877663444
67549	584197580
67550	809981027
67551	1145843994
67552	3823746606
67553	4127190234
67554	1533458756
67555	2924072617
67556	918764034
67557	2889707060
67558	932011783
67559	1370339648
67560	3502039831
67561	3802403884
67562	2568129622
67563	1444278271
67564	3108085998
67565	154891522
67566	659832477
67567	3440578875
67568	1199374998
67569	3962721485
67570	1017652418
67571	3877240904
67572	4187576041
67573	4226031681
67574	4143299409
67575	3040766297
67576	636749101
67577	959532687
67578	4117425364
67579	4030124441
67580	2367829882
67581	759350260
67582	590458630
67583	194529525
67584	863803771
67585	2230718682
67586	1120266811
67587	2744088850
67588	3377429805
67589	1420635481
67590	3499330384
67591	2689475631
67592	2862099733
67593	1884507334
67594	820987763
67595	1474680347
67596	1646498782
67597	1033024126
67598	2264999120
67599	2057233968
67600	1001324893
67601	3842605936
67602	1495168156
67603	87039080
67604	2478586690
67605	1033670609
67606	3656987515
67607	2404137869
67608	2280534880
67609	3835581596
67610	1424004276
67611	973210934
67612	2111367511
67613	971344729
67614	3104908155
67615	1362822532
67616	2366832688
67617	2605669569
67618	3508545133
67619	2492091606
67620	409496325
67621	3241884516
67622	90199213
67623	673857434
67624	3351032172
67625	2872702179
67626	383156455
67627	2430741847
67628	2296516870
67629	1793649653
67630	573569362
67631	2101168797
67632	2517305498
67633	2264079604
67634	4275016156
67635	3927412483
67636	2705319099
67637	227613331
67638	2231562491
67639	3823996546
67640	1165963872
67641	989625277
67642	1497511779
67643	1006633780
67644	2268011174
67645	1865649453
67646	1012885019
67647	3357477776
67648	3950729980
67649	3836350313
67650	4161504881
67651	3646718896
67652	3732636178
67653	2090874458
67654	2740549366
67655	4120271341
67656	1297488416
67657	2250194963
67658	2942592483
67659	2242494190
67660	2928542683
67661	4044624250
67662	1354883187
67663	2975387594
67664	1820522692
67665	1457389043
67666	845296763
67667	3723451977
67668	2175990046
67669	236644024
67670	2412314496
67671	2181535247
67672	2304821501
67673	2931378086
67674	268452464
67675	2855098172
67676	3551465758
67677	219856112
67678	339865434
67679	3093309493
67680	1312733449
67681	4164603540
67682	3443220683
67683	2595949297
67684	4153367030
67685	1247025696
67686	3095040132
67687	1502272043
67688	3635113315
67689	948285373
67690	2611908097
67691	1760629775
67692	3377514976
67693	3384105165
67694	3312227582
67695	3209749244
67696	2134139446
67697	259830779
67698	3018481416
67699	791457543
67700	2985445522
67701	2475576794
67702	3321664836
67703	1247934858
67704	2153230896
67705	1156475402
67706	3728887312
67707	877480718
67708	4136656110
67709	2228475983
67710	3631844787
67711	2931362111
67712	1094158618
67713	2405038392
67714	2370720691
67715	2689353788
67716	2320976955
67717	1526671247
67718	4026283932
67719	1066092047
67720	99657967
67721	1144492361
67722	2980951111
67723	2126542699
67724	3589729792
67725	1095126832
67726	3539610168
67727	908889092
67728	4180206796
67729	3104128678
67730	3460376902
67731	3417701621
67732	462178296
67733	230810941
67734	967985977
67735	853132277
67736	4074392943
67737	1148222955
67738	2833508391
67739	1966547980
67740	3401512885
67741	3928966200
67742	1452767089
67743	573384081
67744	1426467084
67745	742603753
67746	2226494903
67747	1044094264
67748	3895655137
67749	656318703
67750	1498265653
67751	346412001
67752	4013836140
67753	1433399815
67754	950416952
67755	1916242503
67756	2233008950
67757	2370719668
67758	2868789567
67759	2300266361
67760	3384385056
67761	1049499977
67762	1442394779
67763	3445248
67764	121874685
67765	2417577278
67766	4248279639
67767	3456105731
67768	3053273400
67769	1094290711
67770	3717605365
67771	3501585910
67772	1015700291
67773	150438369
67774	2970736564
67775	2852265798
67776	320558753
67777	4124903593
67778	1034419520
67779	370572186
67780	635241884
67781	1038757699
67782	862299914
67783	3793942705
67784	327273301
67785	3708327914
67786	3861857342
67787	2471516025
67788	2640340027
67789	1719489645
67790	1987224938
67791	2601154218
67792	4222939448
67793	1497181235
67794	2283428217
67795	1610404658
67796	2180459852
67797	1883032629
67798	419883836
67799	3757256690
67800	3629645109
67801	2806598900
67802	133255063
67803	1160874751
67804	3789474489
67805	1017637685
67806	2231565608
67807	3149198075
67808	1966715477
67809	3014789121
67810	4248909964
67811	999119351
67812	183861282
67813	1229780127
67814	1335495903
67815	2782127596
67816	2689354044
67817	2320976956
67818	4176076034
67819	1127131437
67820	739041792
67821	4147634686
67822	1160217880
67823	3638624431
67824	844948137
67825	838000957
67826	3579211494
67827	3619617529
67828	3497342481
67829	4057186033
67830	4255140939
67831	1094290199
67832	2350400807
67833	4164327772
67834	3725177022
67835	1204085799
67836	1287140949
67837	2716540178
67838	2830829116
67839	1094749207
67840	2606105129
67841	2565408323
67842	959025719
67843	959299583
67844	138190654
67845	2371355701
67846	1478304767
67847	2910744413
67848	2456979315
67849	910713153
67850	2661330603
67851	747780217
67852	218410985
67853	2337711543
67854	2242909488
67855	2587696174
67856	1840441903
67857	1815720534
67858	2985640962
67859	3305370191
67860	3090568524
67861	3944682406
67862	3759668639
67863	2817209897
67864	184297686
67865	3086153129
67866	1966715477
67867	2880964348
67868	1094749207
67869	2371221558
67870	3050102281
67871	2852132935
67872	3090568780
67873	17516961
67874	3119774384
67875	965368643
67876	311664873
67877	1084948032
67878	407649933
67879	4108016118
67880	937295910
67881	2233271603
67882	200884185
67883	3204988579
67884	99766173
67885	1346145553
67886	3579327477
67887	3501650936
67888	982194245
67889	3406361666
67890	4294237449
67891	121809661
67892	4065303053
67893	447140834
67894	1084685632
67895	407714444
67896	899242747
67897	2416361463
67898	2671727214
67899	184501214
67900	1467033904
67901	943602588
67902	3001694469
67903	1382969365
67904	2572879140
67905	217187884
67906	2928512885
67907	2639682118
67908	658854981
67909	2578492325
67910	1824015724
67911	1007215394
67912	590378109
67913	2246452099
67914	2721710573
67915	2242586174
67916	1498079876
67917	3957644736
67918	2534286207
67919	3090569804
67920	3554995678
67921	4062848394
67922	2232090214
67923	3401118459
67924	3946196362
67925	888543496
67926	4126728446
67927	150160094
67928	4131509426
67929	105096956
67930	2417577274
67931	2664341331
67932	3090046009
67933	3122080500
67934	104869047
67935	4052488129
67936	4238363723
67937	1470229284
67938	2432943100
67939	2801615165
67940	860347794
67941	3790662848
67942	999299396
67943	3406362948
67944	200884186
67945	3204988579
67946	166875038
67947	1078582609
67948	950848439
67949	584152375
67950	804443070
67951	138390269
67952	1016076618
67953	1319479510
67954	1303916121
67955	3753514786
67956	2434352443
67957	1443311001
67958	4182240648
67959	696924228
67960	4042581492
67961	1062366831
67962	2572548849
67963	2868262441
67964	2374989458
67965	1448757148
67966	1163150949
67967	2964039285
67968	3091557786
67969	2736868266
67970	640644400
67971	2283428217
67972	1049886292
67973	4163845038
67974	3493611330
67975	3691063026
67976	3729962249
67977	1497016830
67978	603306037
67979	767033611
67980	3737762034
67981	4059245093
67982	886398008
67983	2916005876
67984	2417575801
67985	150553821
67986	2887112375
67987	2852133192
67988	3090568781
67989	17517217
67990	3171019432
67991	1278839386
67992	538153888
67993	121678589
67994	2992058187
67995	448520688
67996	4282464142
67997	1211878152
67998	2706352845
67999	1256368640
68000	1051388981
68001	4261230733
68002	4227328417
68003	3944879783
68004	3121167779
68005	1066408262
68006	1139878809
68007	3086152872
68008	1966715477
68009	2176583932
68010	3729028409
68011	3606705184
68012	3928684599
68013	1003031798
68014	4237119055
68015	1017380928
68016	1335298279
68017	2782127085
68018	2902409536
68019	1127714905
68020	1240501581
68021	1127328301
68022	889905664
68023	4164411892
68024	892654939
68025	3992770987
68026	567440693
68027	3922056128
68028	4246883268
68029	911887799
68030	1280431778
68031	950286904
68032	279266117
68033	841000694
68034	1279671433
68035	1464417417
68036	122108033
68037	3255321772
68038	2716542236
68039	2999060541
68040	1094554137
68041	2404776247
68042	1459696016
68043	1229779615
68044	1531329673
68045	1330770060
68046	3943185558
68047	2236289072
68048	2795830092
68049	2320124967
68050	1215068789
68051	259611558
68052	2737394157
68053	3204071921
68054	976827633
68055	56196493
68056	4194035877
68057	2365930539
68058	3535056900
68059	2817144364
68060	1171522357
68061	4124769832
68062	958765130
68063	2883840806
68064	2699565644
68065	3090569808
68066	3555127775
68067	826878601
68068	1725368306
68069	753218384
68070	2449041031
68071	2879596874
68072	817822279
68073	2839165236
68074	2316657796
68075	87480073
68076	1186243400
68077	1094291480
68078	1199144451
68079	2636437145
68080	423967927
68081	1000036349
68082	2449720313
68083	2818457917
68084	1195282005
68085	916085506
68086	4172020546
68087	1094291479
68088	2417510439
68089	687397716
68090	4126596608
68091	1531193220
68092	3629447919
68093	3032352065
68094	4265687183
68095	2634949682
68096	3554602464
68097	4248909965
68098	1049449978
68099	1442641628
68100	3321494256
68101	1382969365
68102	3691508022
68103	3845343790
68104	1488794468
68105	2896372041
68106	2056800335
68107	2912024395
68108	1295551049
68109	2055481123
68110	1017590879
68111	1855111300
68112	1799701858
68113	2878421893
68114	1357815848
68115	1072925999
68116	2779876181
68117	3811607985
68118	363151378
68119	1430498275
68120	1815720534
68121	3052816124
68122	3305567311
68123	3090568782
68124	3642034856
68125	3170237938
68126	2416327449
68127	4142719451
68128	3171303847
68129	1103712309
68130	2765997047
68131	1161415436
68132	1475932188
68133	1229386911
68134	407452297
68135	4115128330
68136	3708071869
68137	2818457918
68138	424427466
68139	3399569080
68140	777534377
68141	388429495
68142	1009694720
68143	4274897853
68144	4288695363
68145	1503783712
68146	2432877052
68147	2868724024
68148	1161727321
68149	1106283853
68150	1127000877
68151	738648576
68152	4181188865
68153	1126663450
68154	369636311
68155	2987841465
68156	2852397387
68157	1098332593
68158	3871804991
68159	4259512618
68160	907135289
68161	3254369592
68162	1279540617
68163	2367178279
68164	1160217882
68165	2572418296
68166	3082619708
68167	3303222046
68168	3090570318
68169	3944946344
68170	3188081064
68171	932190277
68172	1443310488
68173	4149145224
68174	2318943277
68175	4226218982
68176	1382969365
68177	1559623118
68178	4130548639
68179	2406912847
68180	1514642783
68181	1413899900
68182	2879813233
68183	1164811017
68184	558214818
68185	796668369
68186	442071689
68187	2533315905
68188	809217838
68189	1011304854
68190	52884184
68191	1404504859
68192	1000996386
68193	4139267673
68194	3088522073
68195	634929904
68196	4104961541
68197	2365995801
68198	199947231
68199	36696793
68200	3792369988
68201	2914911804
68202	1094487320
68203	1087047927
68204	1303824861
68205	1000996640
68206	4139267675
68207	3087077707
68208	3283879143
68209	1279540617
68210	3945141395
68211	3204924073
68212	1083119684
68213	2468346074
68214	3354605532
68215	1160217876
68216	3622439345
68217	1012393385
68218	3691950844
68219	3696325945
68220	1955201536
68221	3652499209
68222	2851946815
68223	1312656725
68224	2723591883
68225	719628800
68226	1035473685
68227	1560475612
68228	3154527401
68229	998839629
68230	1443506840
68231	4098486152
68232	2320124983
68233	774915149
68234	692136841
68235	810135202
68236	1062366831
68237	2572746484
68238	2868263211
68239	2374989458
68240	1448757148
68241	1163150949
68242	2964039285
68243	3091557786
68244	2736869806
68245	640645170
68246	2283428217
68247	1100676948
68248	4080029113
68249	3527165765
68250	3741525746
68251	3763190794
68252	1513925121
68253	620214325
68254	800588044
68255	3754210031
68256	2850764338
68257	167717078
68258	3119709362
68259	1966715477
68260	3031501062
68261	4248911756
68262	931812862
68263	1543763932
68264	3188147625
68265	133517211
68266	911495095
68267	336439763
68268	121874923
68269	2031355973
68270	3134857421
68271	2316585277
68272	20486740
68273	3708400572
68274	3746720825
68275	1425727189
68276	3103998633
68277	1032657477
68278	3406362950
68279	3117080329
68280	2680744724
68281	951100063
68282	1449698714
68283	1481663397
68284	2732734641
68285	2656391273
68286	1085102166
68287	1319936226
68288	1369418073
68289	1001302618
68290	1319936226
68291	1369417562
68292	1001302361
68293	1319674594
68294	2874708561
68295	2946929982
68296	1718216284
68297	2308067648
68298	2813239420
68299	2547819923
68300	2656982934
68301	1737642329
68302	2783066289
68303	2656393368
68304	3536770963
68305	3739147444
68306	2861029334
68307	3560480661
68308	1364760744
68309	2224969048
68310	2741939550
68311	2648154578
68312	1348904346
68313	2190705822
68314	2547267743
68315	2656588645
68316	1502761296
68317	2677445500
68318	1705351246
68319	1398777432
68320	794517157
68321	2665859745
68322	962896792
68323	2454804829
68324	2487070041
68325	2270075551
68326	2740622238
68327	1785155999
68328	2709172122
68329	2553781151
68330	2678282128
68331	2469817445
68332	2711546060
68333	1362846883
68334	1671382348
68335	3771807903
68336	1364432597
68337	1469075794
68338	2678035322
68339	3583479954
68340	1348379735
68341	2053133150
68342	1319806434
68343	2609159766
68344	3100824270
68345	2646910115
68346	2560283704
68347	2308067673
68348	2740815006
68349	2980619374
68350	2561186382
68351	2476384667
68352	2932987106
68353	3588475093
68354	2510507680
68355	2828553880
68356	2426558084
68357	1469097053
68358	1920622682
68359	3030663317
68360	2828429675
68361	2964803274
68362	1983670635
68363	2657708662
68364	2648154578
68365	1365681562
68366	2190771358
68367	3537595753
68368	2588845734
68369	2656538514
68370	3432856479
68371	2778353320
68372	913072724
68373	1319936226
68374	1369417818
68375	1001301850
68376	1319674594
68377	1549114973
68378	951165407
68379	1349100954
68380	1431331747
68381	1953053309
68382	3795366052
68383	1549101221
68384	2908115043
68385	2829247032
68386	1502761299
68387	2795651245
68388	2778353320
68389	1638488661
68390	951166884
68391	1466410394
68392	1549099430
68393	2699180209
68394	2454803625
68395	1001302106
68396	1319674594
68397	1733598806
68398	2732734641
68399	2656523366
68400	1051547220
68401	2666058145
68402	1046782872
68403	2454803038
68404	3795366304
68405	1515301283
68406	1616158633
68407	2829247032
68408	1419664212
68409	1551072352
68410	1083614418
68411	1768651380
68412	1786279017
68413	2829247032
68414	1419664210
68415	2705239383
68416	2588846242
68417	2740540574
68418	2947323198
68419	1718216284
68420	2224969793
68421	2705239387
68422	2588846757
68423	2744878238
68424	2596983506
68425	2560283704
68426	2224970328
68427	1568972377
68428	2845535917
68429	1776704680
68430	2656780694
68431	1051547220
68432	1319806434
68433	2542050908
68434	3214443944
68435	3552039377
68436	3653672332
68437	3281634991
68438	3470311620
68439	2544145321
68440	2661535128
68441	3620657106
68442	3335640793
68443	3560480721
68444	1566087336
68445	2656852112
68446	1856854872
68447	3935293659
68448	2697385180
68449	3881010333
68450	2656604307
68451	3248767647
68452	3818772385
68453	2656654763
68454	3478819716
68455	2699180209
68456	2656523689
68457	2058327443
68458	932945825
68459	2824310865
68460	2678479507
68461	951165602
68462	1370071962
68463	1436526938
68464	1983687511
68465	2444534848
68466	2677619817
68467	2778222230
68468	1621645652
68469	2167828837
68470	2555287191
68471	2757317790
68472	913073492
68473	1318492116
68474	1481875037
68475	1667323038
68476	3517020847
68477	2744661926
68478	1398778199
68479	1616010922
68480	2829247032
68481	1419662932
68482	2705239383
68483	2588847264
68484	1498521510
68485	2980307068
68486	2846071374
68487	2678676049
68488	2874766395
68489	2755696804
68490	1013541752
68491	1768585844
68492	1319936226
68493	1369417818
68494	1001302362
68495	1319674594
68496	1498717781
68497	2677358253
68498	2743553690
68499	2678545043
68500	1634428753
68501	3399580335
68502	2711107495
68503	1436527191
68504	2676831856
68505	2778353320
68506	1621382487
68507	2017241944
68508	2444534848
68509	2695380585
68510	2711723737
68511	2421244516
68512	913154629
68513	2666056865
68514	962962328
68515	2656655201
68516	949984897
68517	2547357584
68518	1364811425
68519	2692374608
68520	2588847264
68521	1666293675
68522	2732734641
68523	2656522854
68524	951164813
68525	1399235994
68526	1431593131
68527	2732734641
68528	2656851815
68529	1068325207
68530	3527758451
68531	1971294644
68532	3610811557
68533	1971296688
68534	1765440882
68535	951099296
68536	1399235994
68537	1431593122
68538	2732734641
68539	2656981862
68540	1051546963
68541	1554558166
68542	1100391832
68543	1465016491
68544	2597599391
68545	2656393624
68546	2308067666
68547	2946199213
68548	1776704680
68549	2656453270
68550	1051549267
68551	1319806434
68552	2558828119
68553	3214443944
68554	3552039377
68555	3653672332
68556	3281634991
68557	3470311620
68558	2544145321
68559	2661535128
68560	3620657106
68561	3335640793
68562	3560480721
68563	1482266792
68564	2656524688
68565	1856853593
68566	3935293659
68567	2697385180
68568	3881010333
68569	2656866451
68570	3248440223
68571	3634223247
68572	2656916907
68573	3478492292
68574	3399580335
68575	2711107495
68576	1436525656
68577	1549115306
68578	1165114795
68579	2140255396
68580	949789845
68581	2140778679
68582	981300029
68583	2963382377
68584	2846071374
68585	913597265
68586	1318492116
68587	1498717781
68588	1952732318
68589	2526532664
68590	1419663186
68591	1666489943
68592	3517020847
68593	2744661926
68594	1382065496
68595	1498898852
68596	2732734641
68597	2656981862
68598	1051546964
68599	1319674594
68600	1549114972
68601	1500987309
68602	1083483602
68603	1768649333
68604	1321918679
68605	1768650101
68606	1785951593
68607	2526532664
68608	1436441687
68609	1683332697
68610	3795366304
68611	1464969635
68612	1915369076
68613	2691263093
68614	2588846242
68615	2791069086
68616	2980488255
68617	1722128974
68618	1398843992
68619	2709172126
68620	2553784214
68621	2678478992
68622	913597009
68623	1319674594
68624	1515626077
68625	2980225404
68626	1772460622
68627	1432527957
68628	1950198621
68629	2444534848
68630	2862759529
68631	2778353320
68632	913269332
68633	2666058145
68634	1046848408
68635	2454802528
68636	3795366304
68637	1481795237
68638	2086687072
68639	1319674594
68640	1481940572
68641	2812296877
68642	2778353320
68643	1638423637
68644	1034639735
68645	3030663318
68646	2050845035
68647	2691263095
68648	2588846242
68649	2790806686
68650	2980552766
68651	1722128974
68652	1398843736
68653	3795366307
68654	1364813733
68655	1051547730
68656	1554558166
68657	1117169048
68658	1616470438
68659	2862998072
68660	2224970329
68661	3537030871
68662	2677384014
68663	2561185870
68664	1502652510
68665	1499041959
68666	2899720367
68667	2778216294
68668	1621712516
68669	951166624
68670	1503176858
68671	3008978322
68672	3503146675
68673	3720333506
68674	3379861382
68675	3554788032
68676	3202269913
68677	1751552364
68678	3705590206
68679	3167869415
68680	3563695314
68681	2555287706
68682	2875098270
68683	2427084420
68684	2154404773
68685	2730940632
68686	3884960984
68687	2656458411
68688	3479082116
68689	3537595753
68690	3881014443
68691	2656539027
68692	3265872799
68693	2527174373
68694	2421243753
68695	1536400983
68696	1450605997
68697	1083680210
68698	1768651125
68699	1321918679
68700	1768650869
68701	1786344809
68702	2526532664
68703	1536315730
68704	913598098
68705	1318492116
68706	1481940573
68707	1919177886
68708	2526532664
68709	1419663698
68710	1666489945
68711	3517020847
68712	2744661926
68713	1382066520
68714	1615880358
68715	2829247032
68716	1419663442
68717	2711845984
68718	2778353320
68719	1621710932
68720	951166880
68721	1466410394
68722	1498898856
68723	1165442475
68724	2140255396
68725	949790613
68726	2140778679
68727	981301821
68728	2660930665
68729	1738905678
68730	1466017884
68731	2586470245
68732	2588847264
68733	1649516459
68734	1969830525
68735	3795366055
68736	1364617381
68737	1068325719
68738	1319674594
68739	1481940571
68740	2628140717
68741	2527174373
68742	2421244265
68743	1369418583
68744	3795366303
68745	1498900389
68746	2086688354
68747	1319674594
68748	1515626078
68749	2980225404
68750	1772460622
68751	1432527957
68752	2017307486
68753	2444534848
68754	2695380585
68755	2678169320
68756	2421242214
68757	2824573521
68758	3510149024
68759	1368970647
68760	2421250398
68761	2678159968
68762	2778353320
68763	1655004245
68764	3795366309
68765	1515677605
68766	2086688354
68767	3527758452
68768	1988071860
68769	3610811557
68770	1988073904
68771	1765440882
68772	951099297
68773	1483253146
68774	2908378977
68775	2829899320
68776	2527434807
68777	1654805841
68778	3560480668
68779	1431410856
68780	1364365475
68781	2678216017
68782	2829899320
68783	2527434807
68784	1621382481
68785	951166368
68786	1368959130
68787	1499303311
68788	3452351423
68789	3217605331
68790	1956087513
68791	3787636931
68792	3737311694
68793	1720806551
68794	3738287774
68795	3520718807
68796	1772933830
68797	1318623956
68798	1368434261
68799	1368434005
68800	1000318037
68801	3935293659
68802	2697385180
68803	3881010333
68804	2656670099
68805	2688183489
68806	2648215495
68807	1515629543
68808	1435272350
68809	2058338980
68810	933729953
68811	2757333073
68812	2678545299
68813	1051416950
68814	3030663315
68815	2761320811
68816	2964803274
68817	1933470059
68818	2506713716
68819	2555287191
68820	2824361118
68821	913400916
68822	1318492116
68823	2740752977
68824	2469819239
68825	2711546065
68826	1362912931
68827	1553092945
68828	951165407
68829	1466410394
68830	1616274085
68831	2829247032
68832	1436441175
68833	1450671200
68834	1083483858
68835	1768649334
68836	1321918679
68837	1768650102
68838	1785951849
68839	2526532664
68840	1436440663
68841	1734578769
68842	2699180209
68843	2874626473
68844	2104633910
68845	2728487274
68846	2778353320
68847	1638292565
68848	2058328234
68849	933729953
68850	2790887505
68851	1952600479
68852	2829247032
68853	1453217110
68854	2728492128
68855	2778353320
68856	1654936919
68857	1051415926
68858	3030663317
68859	2520672619
68860	2555287191
68861	2791069086
68862	1734698069
68863	2526532664
68864	1469994832
68865	2757333585
68866	981300542
68867	2963579241
68868	1772460622
68869	1348707157
68870	3795366305
68871	1566009253
68872	2908313441
68873	2526532664
68874	1419662930
68875	1666489942
68876	3517020847
68877	2744661926
68878	1382066009
68879	794517923
68880	2665075617
68881	1063952792
68882	2656720287
68883	949984897
68884	2564134800
68885	1364549799
68886	2709151830
68887	2588847264
68888	1515298727
68889	2721820328
68890	2588846242
68891	2723501982
68892	2874568769
68893	2755696806
68894	1013541751
68895	1768585334
68896	1319674594
68897	1582734942
68898	2677883309
68899	2744798892
68900	2790936991
68901	2744531886
68902	2743553690
68903	2678741907
68904	1634297681
68905	3550575279
68906	2711107483
68907	1453304409
68908	2509452915
68909	2678169320
68910	2421244518
68911	1571526469
68912	3510149022
68913	1352258967
68914	2421250400
68915	1500805728
68916	2443694661
68917	1803188607
68918	3403732792
68919	1803122303
68920	2037803322
68921	3537595752
68922	2588845734
68923	2656408466
68924	1774298478
68925	2799934935
68926	2454802794
68927	2681165196
68928	2896224824
68929	2678413905
68930	2930137681
68931	2829247032
68932	1436440914
68933	2980634415
68934	1755683406
68935	1499638366
68936	1765440891
68937	951101345
68938	1432921498
68939	1566139043
68940	2732734641
68941	2656786792
68942	1085101653
68943	1319674594
68944	2774372945
68945	2980290367
68946	2846071374
68947	2678675537
68948	2980225595
68949	2846071374
68950	2678348369
68951	2947388987
68952	1718216284
68953	2224969274
68954	2829417568
68955	3701838800
68956	1431410341
68957	1364419751
68958	951165837
68959	1368959130
68960	2476385683
68961	3033650402
68962	3604589779
68963	949989075
68964	1368959128
68965	1368435029
68966	1368434773
68967	1835637148
68968	2795955101
68969	2475839828
68970	1824631125
68971	2526532664
68972	1402885716
68973	2791150161
68974	949982867
68975	1415947672
68976	1448370084
68977	2086686816
68978	1318492116
68979	1498652248
68980	2757317534
68981	2709172119
68982	2553783192
68983	1570986640
68984	1481924523
68985	3771807903
68986	1364433365
68987	1519407441
68988	1616081530
68989	1083484114
68990	1768651129
68991	1321918679
68992	1768651638
68993	1786476137
68994	2694763832
68995	2427082065
68996	2224969297
68997	3795366305
68998	1431410856
68999	3616774824
69000	3183527614
69001	3560480713
69002	1448188072
69003	1431408802
69004	1431408811
69005	3681380764
69006	1319544547
69007	1519620689
69008	996983202
69009	1319674594
69010	1683267160
69011	2699180209
69012	2723828137
69013	2757382559
69014	2732734641
69015	2656524135
69016	2715758427
69017	2778353320
69018	1655135830
69019	981301315
69020	2963251817
69021	1755683406
69022	1499637337
69023	3795366308
69024	1364617893
69025	1085102420
69026	1319674594
69027	1498783323
69028	2711895981
69029	2778353320
69030	1415686493
69031	3795366309
69032	1448192419
69033	2723828127
69034	2732734641
69035	2656524134
69036	951165581
69037	1466344858
69038	1465344165
69039	3517020847
69040	2744661926
69041	1381934682
69042	2980089142
69043	2846071374
69044	2678282833
69045	951165086
69046	1416013210
69047	1616338855
69048	2829247032
69049	1436440151
69050	1551400032
69051	1083549650
69052	1768650359
69053	1785952105
69054	2829247032
69055	1419662933
69056	2755571032
69057	2588846242
69058	2757514398
69059	2980094526
69060	1806015054
69061	1515479202
69062	2899720367
69063	2778216294
69064	2740343184
69065	951164838
69066	1368959130
69067	2476384660
69068	3228474058
69069	2555287706
69070	1448186021
69071	1448186020
69072	2486935459
69073	3864832172
69074	1446680229
69075	1465344166
69076	2783066289
69077	2807452056
69078	2830326109
69079	3520122310
69080	2363342792
69081	2949215383
69082	3302220226
69083	2847858370
69084	2556978833
69085	3537690321
69086	3653030361
69087	3520358828
69088	2828553880
69089	2824229264
69090	2807452048
69091	2560441247
69092	3638094479
69093	3436748998
69094	1454106451
69095	2357501534
69096	1774297659
69097	2883821015
69098	2476627287
69099	3248838284
69100	3399580335
69101	2711107495
69102	1470080858
69103	1582735266
69104	1165311915
69105	2140255396
69106	949790103
69107	2140778679
69108	981300287
69109	2660734569
69110	1806014542
69111	1364223396
69112	949982593
69113	1466344856
69114	1465344165
69115	2677375286
69116	1705351246
69117	1465952601
69118	2687133540
69119	2711546065
69120	1363109795
69121	1402887252
69122	2711583840
69123	2744798892
69124	2790805919
69125	2980093565
69126	2846071374
69127	2678282833
69128	2980290619
69129	1722128974
69130	1382393689
69131	2732734641
69132	2656524134
69133	1051547735
69134	1319674594
69135	1498783324
69136	2980488572
69137	1738906190
69138	1415684956
69139	1983884124
69140	2444534848
69141	2627966825
69142	2578495310
69143	2104901481
69144	2526439786
69145	2778222230
69146	1688427605
69147	2586470248
69148	2588847264
69149	1699848099
69150	2003384957
69151	3795366051
69152	1364552613
69153	1068324439
69154	1319674594
69155	1549049430
69156	2711895725
69157	2744798892
69158	2723828127
69159	2677423022
69160	2743553690
69161	2678414483
69162	1634035537
69163	3399580335
69164	2711107495
69165	1470081370
69166	2676831854
69167	2744798892
69168	1835356575
69169	2829247032
69170	1453218649
69171	1534622816
69172	1083746258
69173	1768651129
69174	3654525306
69175	1738774583
69176	1162632874
69177	2709172117
69178	2553783962
69179	1705728656
69180	2659268208
69181	2542834377
69182	1637899152
69183	1616470440
69184	2896224824
69185	2678283089
69186	951165069
69187	1416013210
69188	2676831858
69189	2778353320
69190	1621253204
69191	951165092
69192	1466410394
69193	1616209314
69194	1162966650
69195	2140255396
69196	949791639
69197	2140778679
69198	981301311
69199	2963645033
69200	1722128974
69201	1465952090
69202	3795366304
69203	1431791269
69204	2908378464
69205	2829899320
69206	2527434807
69207	1621710417
69208	949984149
69209	1368959128
69210	1385212502
69211	2841006480
69212	2899720367
69213	2778216294
69214	2874560912
69215	2980029502
69216	2561186382
69217	1569362257
69218	3333668760
69219	3368211383
69220	2542197190
69221	3267412889
69222	3269054168
69223	2439813028
69224	3518930595
69225	3655849934
69226	2899494609
69227	2560283704
69228	2426623825
69229	2426558289
69230	2678806097
69231	2412829568
69232	3335838882
69233	1401200103
69234	1519555486
69235	1013760419
69236	3633301467
69237	1470883667
69238	2357501531
69239	2948770619
69240	2811666846
69241	1536184634
69242	2824639390
69243	2874832765
69244	2755695272
69245	2540268410
69246	3075394272
69247	1063873401
69248	1768585847
69249	1319936226
69250	1369416539
69251	3560480661
69252	1448568485
69253	2656393056
69254	949982593
69255	1416013208
69256	1549033641
69257	2945880886
69258	2795479454
69259	1536184635
69260	2841203870
69261	951166118
69262	1466344858
69263	1448566946
69264	2732734641
69265	2656719975
69266	2793168981
69267	2588846242
69268	2723960222
69269	2874831935
69270	2755695528
69271	2540268408
69272	3075394272
69273	1063873403
69274	1768585591
69275	1318492116
69276	1549114965
69277	1734764178
69278	2896224824
69279	2678283089
69280	981299754
69281	2963841641
69282	1738906190
69283	1466017883
69284	3795366303
69285	1582720677
69286	2908051296
69287	3855262074
69288	1822529591
69289	1532075941
69290	2676831852
69291	2778353320
69292	1688821334
69293	1933618011
69294	2444534848
69295	2862825833
69296	2778353320
69297	913597524
69298	2666058145
69299	1030267800
69300	2454802528
69301	3795366304
69302	1565812389
69303	2086686820
69304	1319674594
69305	1532272221
69306	2829270701
69307	2778353320
69308	1638619989
69309	1084971894
69310	3030663317
69311	1983932779
69312	2741594739
69313	2588846242
69314	2874823838
69315	2980619070
69316	1722128974
69317	1432398427
69318	3795366312
69319	1498440613
69320	2908574816
69321	2829899320
69322	2527434807
69323	1571051345
69324	951165853
69325	1368959130
69326	2476384917
69327	2593497528
69328	2560283704
69329	2426820433
69330	2426754897
69331	2678347601
69332	2829899320
69333	2527434807
69334	1621579601
69335	951166883
69336	1368959130
69337	1499304081
69338	3452351423
69339	3217605331
69340	1956087513
69341	3787636931
69342	3737311694
69343	1720806551
69344	3738287774
69345	3520718807
69346	1772933830
69347	1318623956
69348	1368435031
69349	1368434775
69350	1000318807
69351	3935293659
69352	2697385180
69353	3881010333
69354	2656998035
69355	2738646209
69356	2648154578
69357	1431874535
69358	1468826782
69359	2058338983
69360	933729953
69361	2807795793
69362	2678218131
69363	1084972663
69364	3030663318
69365	2778229099
69366	2964803274
69367	1950378347
69368	2540268149
69369	2555287191
69370	2840940958
69371	913269073
69372	1318492116
69373	1532272222
69374	1936151710
69375	2526532664
69376	1419664980
69377	1700044382
69378	3517020847
69379	2744661926
69380	1415620699
69381	1615880363
69382	2829247032
69383	1419664724
69384	2637933916
69385	2588846242
69386	2858112158
69387	2980619070
69388	1738906190
69389	1449241435
69390	1983949659
69391	2444534848
69392	2627967081
69393	2578495310
69394	2104901737
69395	2526505322
69396	2778222230
69397	1638619989
69398	711419747
69399	1319936226
69400	1369416539
69401	1765440882
69402	951100323
69403	1365484954
69404	1582719395
69405	2732734641
69406	2656851558
69407	1051549014
69408	2665859745
69409	1080861080
69410	2740670879
69411	2980023606
69412	1738906190
69413	1365092443
69414	3795366304
69415	1532258469
69416	2086688356
69417	1319674594
69418	1582734940
69419	1534345389
69420	1083746514
69421	1768650873
69422	3906052474
69423	1755551799
69424	1448172971
69425	3543096158
69426	2425539040
69427	2690420817
69428	1499637850
69429	2732734641
69430	2656786022
69431	1051548758
69432	1319674594
69433	1532337756
69434	2694724525
69435	2778353320
69436	1571445589
69437	2053132913
69438	2755695017
69439	2557045627
69440	3075394272
69441	1080650616
69442	1768585336
69443	1319674594
69444	1448189528
69445	2812493741
69446	2778353320
69447	1621449556
69448	951166627
69449	1449567642
69450	1482055848
69451	2899720367
69452	2778216294
69453	2857849232
69454	2677510715
69455	2561185870
69456	2427148113
69457	1464963236
69458	3594039214
69459	2553767529
69460	1481740450
69461	2778939053
69462	2828684970
69463	2341622160
69464	3015678085
69465	3268655057
69466	2262419101
69467	3234044358
69468	3654211776
69469	1821877395
69470	3198067661
69471	3889680087
69472	3536245206
69473	2597599391
69474	2757251480
69475	2740474256
69476	2723697040
69477	3504046185
69478	3571229382
69479	2224940943
69480	2475925079
69481	1824629848
69482	2412239734
69483	2884064140
69484	2224969875
69485	3266067564
69486	2527174373
69487	2421242477
69488	1569955416
69489	1467514285
69490	1083353554
69491	1768651384
69492	1321918679
69493	1768651128
69494	1786411113
69495	2526532664
69496	1419664470
69497	1733598811
69498	2547267743
69499	2656784739
69500	1369331793
69501	2709172118
69502	2553783967
69503	1571052688
69504	1532930134
69505	2829247032
69506	1419664214
69507	2738793820
69508	2588846242
69509	2841335198
69510	2980093499
69511	1738906190
69512	1365092955
69513	1916906331
69514	2444534848
69515	2628294761
69516	2578495310
69517	2105229417
69518	2610391402
69519	2778222230
69520	1571380053
69521	711418462
69522	1319936226
69523	1369416539
69524	1765440882
69525	951101603
69526	1449633178
69527	1549164968
69528	2732734641
69529	2656720486
69530	1051548502
69531	2665859745
69532	1013817752
69533	2740670879
69534	2980023606
69535	1755683406
69536	1449437529
69537	2732734641
69538	2656852328
69539	1085103188
69540	2849129843
69541	2021228433
69542	3795353770
69543	1515677349
69544	2945815350
69545	2795479454
69546	1552961853
69547	913271186
69548	1319674594
69549	1549049433
69550	2980357500
69551	1738906190
69552	1449240411
69553	1950460763
69554	2444534848
69555	2104901993
69556	2695129450
69557	2778353320
69558	1621251921
69559	951036570
69560	929458662
69561	1368434008
69562	2671488341
69563	2588846757
69564	2521927846
69565	3201487566
69566	2597599391
69567	2807583128
69568	2790805904
69569	2774028688
69570	2899720367
69571	2778216294
69572	2824360336
69573	2980356926
69574	2561186382
69575	1569821265
69576	3333668760
69577	3368211383
69578	2542197190
69579	3267412889
69580	3269054168
69581	2439813028
69582	3518930595
69583	3655849934
69584	2899494609
69585	2560283704
69586	2427082833
69587	2427017297
69588	2678610001
69589	2412829568
69590	3335838882
69591	1401200103
69592	1519621022
69593	1030537642
69594	3617706715
69595	1487660883
69596	2357501531
69597	2948769853
69598	2811666846
69599	1552961854
69600	2824704926
69601	2874833021
69602	2755696297
69603	2573822837
69604	3075394272
69605	1097427828
69606	1768584569
69607	1318492116
69608	1464966744
69609	1801671070
69610	2526532664
69611	1419663958
69612	1733598810
69613	2547267743
69614	2656720742
69615	1419663959
69616	2709172118
69617	2553783967
69618	1621646480
69619	1415882588
69620	2732734641
69621	2656655206
69622	1001216082
69623	1319674594
69624	1532337754
69625	1534476205
69626	1083681234
69627	1768649593
69628	1321918679
69629	1768650361
69630	1786018153
69631	2526532664
69632	1436441174
69633	1666555483
69634	3795366304
69635	1532078499
69636	1915369068
69637	2758371958
69638	2588846242
69639	2824557982
69640	2946148671
69641	2811666846
69642	1552961856
69643	1716625315
69644	2732734641
69645	2656916584
69646	2776391766
69647	2588846242
69648	2841532062
69649	2875028544
69650	2755696809
69651	1097427832
69652	1318492116
69653	1532337755
69654	1734563230
69655	2547267743
69656	2656852328
69657	1569870161
69658	2105033340
69659	2779015530
69660	2778353320
69661	1655135830
69662	951166630
69663	1382262170
69664	1532387755
69665	2547267743
69666	2656588902
69667	1419663444
69668	2709172118
69669	2553783967
69670	1621777552
69671	1533125977
69672	2896224824
69673	2678348369
69674	2929875537
69675	2829247032
69676	1436440407
69677	2671488350
69678	2588846242
69679	2824754846
69680	2874833216
69681	2755697065
69682	1063873394
69683	1768585593
69684	1319674594
69685	1582734941
69686	2779136173
69687	2744798892
69688	2774159775
69689	2828549038
69690	1776966822
69691	2656452199
69692	1856853585
69693	1318492116
69694	1465228889
69695	1818645406
69696	3906052474
69697	1772329015
69698	1498571179
69699	2086686813
69700	1318756291
69701	1569955421
69702	1733402533
69703	2058328744
69704	932945825
69705	2724040785
69706	913533075
69707	2462703825
69708	1569739089
69709	1688820880
69710	3795366303
69711	1515301283
69712	1515298726
69713	3795366306
69714	1582917797
69715	2908576098
69716	3527766338
69717	1988071860
69718	1765440890
69719	951101348
69720	1349100954
69721	1582916261
69722	2699180209
69723	2858045865
69724	2790936991
69725	2849519791
69726	2828679014
69727	2426690131
69728	3560480667
69729	1431463589
69730	2656523615
69731	2058327699
69732	933666721
69733	2757595217
69734	1688360788
69735	2680371359
69736	2656983209
69737	2678741585
69738	2594716763
69739	2678169305
69740	2421242990
69741	1754504798
69742	3771807903
69743	1364499669
69744	1569739090
69745	2980226426
69746	1772460622
69747	1348707925
69748	1950526296
69749	2444534848
69750	2104835177
69751	2829347178
69752	2778353320
69753	1671976279
69754	951036563
69755	929458666
69756	1515429464
69757	2677589372
69758	1671796814
69759	1432332632
69760	2526230126
69761	2678169320
69762	2421243498
69763	1481743964
69764	951166687
69765	1466344858
69766	1548967338
69767	2732734641
69768	2656655720
69769	1101880144
69770	2865907061
69771	1936949137
69772	2053716605
69773	3795366047
69774	1482254501
69775	2908313954
69776	3654066554
69777	1789106231
69778	1162633896
69779	2980503343
69780	1722128974
69781	1533192540
69782	2829247032
69783	1453219416
69784	2034281816
69785	2544554565
69786	1803254655
69787	1937402170
69788	2732734640
69789	2656916328
69790	1085102169
69791	1319674594
69792	1582734935
69793	2644918445
69794	2594283225
69795	2421244010
69796	1571526469
69797	2000857941
69798	2444534848
69799	2963620713
69800	3701838800
69801	1481741989
69802	1549230251
69803	2980285750
69804	2561186382
69805	2594150225
69806	3520389842
69807	3651982282
69808	2679821163
69809	2561185870
69810	2426624337
69811	2426558801
69812	1771937595
69813	2799934935
69814	2656457827
69815	2740554884
69816	3795366348
69817	1498519720
69818	3616774817
69819	3384854206
69820	3560480713
69821	1498519720
69822	1498517669
69823	1481740452
69824	3681380765
69825	1319544547
69826	2404490839
69827	1824630105
69828	2896224824
69829	2678217809
69830	951165069
69831	1382524314
69832	794518949
69833	1319674594
69834	1582734933
69835	1950564525
69836	2775149173
69837	2588846242
69838	2774029982
69839	2980030016
69840	1671797326
69841	1398973785
69842	3795366306
69843	1498702757
69844	2908246625
69845	2896224824
69846	2678479697
69847	2929876049
69848	2896224824
69849	2678807377
69850	2930137937
69851	2829899320
69852	2527434807
69853	1415423062
69854	3828918185
69855	1318557660
69856	1368434265
69857	1750179417
69858	2783066289
69859	2807648664
69860	3470234522
69861	3739006161
69862	2379732697
69863	2597599391
69864	2656588184
69865	2426886481
69866	2678479185
69867	2714950509
69868	2778353318
69869	2656669779
69870	3247717279
69871	2778222230
69872	1604803155
69873	1415423578
69874	3560480661
69875	1532323237
69876	2656720223
69877	2548379483
69878	2711723737
69879	2421244266
69880	2874577489
69881	2980422205
69882	1755683406
69883	1415422814
69884	2017635160
69885	2444534848
69886	2862891881
69887	2778353320
69888	913075284
69889	1319674594
69890	1582603863
69891	2527870637
69892	2678169320
69893	2421244522
69894	1699847766
69895	2732734641
69896	2656982886
69897	1001215828
69898	1319936226
69899	1369418331
69900	1001302875
69901	2865907065
69902	2038071185
69903	2053716605
69904	3795366052
69905	1465411237
69906	2908182880
69907	2829247032
69908	1419662937
69909	2772348247
69910	2588846242
69911	2824425886
69912	2947521086
69913	1718216284
69914	2426951994
69915	1001216852
69916	1319806434
69917	1368435033
69918	3537030871
69919	3560480698
69920	1498519720
69921	1498517674
69922	1498517673
69923	3594039212
69924	2553767529
69925	1498517675
69926	2695249581
69927	2828684970
69928	2324976016
69929	3015678085
69930	3268655057
69931	2262419101
69932	3234044358
69933	3654211776
69934	1821877395
69935	3198067661
69936	3889680087
69937	3536245206
69938	2597599391
69939	2740605336
69940	2723828112
69941	2874757520
69942	3504046185
69943	3571229382
69944	2224940943
69945	2492702295
69946	1824629594
69947	2714950509
69948	2884064148
69949	2224969876
69950	3433381484
69951	2744798892
69952	1936085407
69953	3654525306
69954	1872861239
69955	1482268578
69956	2908182943
69957	3527766083
69958	2055180724
69959	946773912
69960	1415816600
69961	1532255657
69962	2677375286
69963	1722128462
69964	1499505758
69965	2508273260
69966	2778222230
69967	1621842515
69968	711418726
69969	2666058145
69970	980132760
69971	2656982367
69972	1001215572
69973	1319674594
69974	1549049438
69975	2795584429
69976	2744798892
69977	2858111391
69978	2829269934
69979	2778353320
69980	1621319252
69981	1135302521
69982	3030663314
69983	2000841067
69984	2775149177
69985	2588846242
69986	2724091038
69987	2980095550
69988	2846071374
69989	1369416279
69990	951166883
69991	1370071962
69992	2167828578
69993	2270075551
69994	2807993246
69995	1634034835
69996	3399580335
69997	2711107495
69998	1503634526
69999	2676831856
70000	2744798892
70001	2874888607
70002	2761898926
70003	2778353320
70004	1571182678
70005	951165601
70006	1500030362
70007	1498636963
70008	1165116331
70009	2140255396
70010	2158666819
70011	2846071374
70012	913270865
70013	1319674594
70014	1750376021
70015	3517020847
70016	2744661926
70017	1281271134
70018	951165069
70019	1483122074
70020	1431920811
70021	1165181867
70022	2140255396
70023	981300035
70024	2963842409
70025	1722128974
70026	1499506781
70027	3795366303
70028	1582851749
70029	2908444768
70030	2829899320
70031	2527434807
70032	1621383761
70033	949982361
70034	1368959128
70035	1385211226
70036	2757382544
70037	2899720367
70038	2778216294
70039	2790936976
70040	2980619582
70041	2561186382
70042	1569690705
70043	3333668760
70044	3368211383
70045	2542197190
70046	3267412889
70047	3269054168
70048	2439813028
70049	3518930595
70050	3655849934
70051	2899494609
70052	2560283704
70053	2426952273
70054	2426886737
70055	2678479441
70056	2412829568
70057	3335838882
70058	1401200103
70059	1570018206
70060	1064092072
70061	3633301467
70062	1504438099
70063	2357501534
70064	2982977599
70065	2846071374
70066	913270609
70067	2665075617
70068	1030726040
70069	2656983455
70070	2108513625
70071	2882684276
70072	1937473425
70073	3795353770
70074	1548855715
70075	2508273263
70076	2778222230
70077	1621253716
70078	2167829609
70079	2555287191
70080	2724025502
70081	913008980
70082	2666058145
70083	1047241624
70084	2656393312
70085	2715758427
70086	2778353320
70087	1621843284
70088	1135302009
70089	3030663318
70090	2067949931
70091	2791926387
70092	2588847264
70093	2740425630
70094	2745449390
70095	2778353320
70096	1621777748
70097	2058329771
70098	933729953
70099	2824769617
70100	913072787
70101	1319936226
70102	1369418587
70103	2675813717
70104	2588846242
70105	2807584414
70106	2980225339
70107	1755683406
70108	1398973278
70109	1984146266
70110	2444534848
70111	2695512937
70112	2678169320
70113	2421244011
70114	1716756057
70115	2699180209
70116	2774290857
70117	2908115615
70118	3527767875
70119	2071957940
70120	947299241
70121	1368959111
70122	1368435034
70123	2710386285
70124	2828684970
70125	2811777424
70126	3200176850
70127	3386141597
70128	2828553880
70129	2874823056
70130	2858045840
70131	2611035039
70132	3818772385
70133	1482253989
70134	1519158430
70135	951176358
70136	1499899290
70137	1915369071
70138	2624154230
70139	3864832172
70140	1530566309
70141	1482252450
70142	2783066289
70143	2740670872
70144	3470234522
70145	2679029870
70146	2561185870
70147	2426690385
70148	2426624849
70149	2946931003
70150	1718216284
70151	2426755898
70152	1051549016
70153	1319806434
70154	1368434267
70155	2558896307
70156	3083981264
70157	3332213981
70158	2579935177
70159	3636511955
70160	2761140670
70161	2748160104
70162	3470250716
70163	3520518588
70164	949998036
70165	1368959128
70166	1368434523
70167	1368434267
70168	2154403746
70169	2730940632
70170	3884960984
70171	2757054891
70172	1535935646
70173	1835647393
70174	2494292893
70175	1369417045
70176	3248774028
70177	2699180209
70178	2740277673
70179	2945815350
70180	2610930078
70181	1586516289
70182	1431412645
70183	2637934244
70184	2588847264
70185	1548853157
70186	1882959523
70187	2578174533
70188	1803058047
70189	2547267694
70190	2656590182
70191	1419663449
70192	3560480661
70193	1566074533
70194	2656917600
70195	949982593
70196	1499899288
70197	1499029670
70198	2945880886
70199	2795479454
70200	1586516290
70201	2791199902
70202	2980291133
70203	2846071374
70204	2678348881
70205	951165087
70206	1370071962
70207	1369417052
70208	1135302519
70209	3030663322
70210	1984129387
70211	2892589688
70212	2711545290
70213	1429825441
70214	2774290847
70215	2811597622
70216	2777102242
70217	1281254995
70218	2706805329
70219	2677313851
70220	1755682894
70221	1415422814
70222	1465278373
70223	2699180209
70224	2874888617
70225	2908050079
70226	2038131002
70227	2732734640
70228	2656393576
70229	1085101657
70230	1319936226
70231	1369416284
70232	1001302875
70233	1554426328
70234	1063757978
70235	1464963237
70236	2547267743
70237	2656588391
70238	1402886230
70239	2709172118
70240	2553783967
70241	2740277660
70242	1571116885
70243	3275267998
70244	1431415203
70245	1548853158
70246	1012621669
70247	2665075617
70248	963092888
70249	1431412644
70250	2659268207
70251	2542834377
70252	2740277660
70253	1570854225
70254	951165341
70255	1500030362
70256	1431921316
70257	1483750315
70258	2444534848
70259	2104836713
70260	2812701034
70261	2778353320
70262	1655004758
70263	949982874
70264	1466344856
70265	1549230249
70266	2945880886
70267	2795479454
70268	1369200953
70269	1549049436
70270	951166687
70271	1483253146
70272	1482252971
70273	1500527531
70274	2444534848
70275	2104705641
70276	2829478250
70277	2778353320
70278	1655332182
70279	951167141
70280	1499899290
70281	2509452912
70282	2678169320
70283	2623158627
70284	1940079948
70285	2829247032
70286	1453218136
70287	2017504605
70288	2727579738
70289	1936949137
70290	1765440886
70291	2963250491
70292	1755683406
70293	1482860887
70294	3795366311
70295	1549297829
70296	2908508770
70297	2829247032
70298	1369331031
70299	2621353306
70300	3864832172
70301	1497011877
70302	2908051293
70303	3504268344
70304	2778222231
70305	2824556944
70306	913009489
70307	1319806434
70308	1368435035
70309	3537030871
70310	3403603676
70311	2460649431
70312	2597599391
70313	2858111384
70314	2841334160
70315	2824556944
70316	3537595753
70317	2588845734
70318	1452429726
70319	1080869290
70320	1318492116
70321	1532206682
70322	1465754775
70323	2709172118
70324	2553783192
70325	2824163740
70326	1449110358
70327	2709172122
70328	2553783962
70329	2840940956
70330	2385143651
70331	2425539040
70332	1431411805
70333	2790609308
70334	1616408635
70335	2577568656
70336	1668510591
70337	3772201116
70338	1920171929
70339	1765440883
70340	2795086651
70341	2561181518
70342	2427149137
70343	2369154915
70344	2588846757
70345	2589036706
70346	3100824270
70347	2646910115
70348	2560283704
70349	2426625105
70350	2426559569
70351	2678807377
70352	2714950509
70353	2778353318
70354	2656539217
70355	2655087809
70356	2588846757
70357	2589036708
70358	3805467342
70359	3586253528
70360	2694099113
70361	2560283704
70362	2426756177
70363	2426690641
70364	2678807377
70365	2714950509
70366	2778353318
70367	2656604753
70368	2688642241
70369	2588846242
70370	1902728350
70371	2829247032
70372	1436440918
70373	2980175663
70374	1755683406
70375	1482860381
70376	1765440889
70377	2963381563
70378	1755683406
70379	1482859607
70380	3795366308
70381	1498899365
70382	2908181090
70383	2829247032
70384	1436440147
70385	2738859353
70386	2588846242
70387	2807845278
70388	2945885759
