24639	4119902839
24640	408301552
24641	1837140811
24642	2866128037
24643	2779884765
24644	3352223342
24645	2844974642
24646	21153395
24647	895151123
24648	1884733642
24649	3695024543
24650	3952166095
24651	2149934178
24652	695040464
24653	2238372346
24654	2077748345
24655	1622662677
24656	3567455742
24657	1495998779
24658	388734863
24659	2930319034
24660	764705509
24661	581518722
24662	3370647373
24663	3431866276
24664	3013035198
24665	2330215529
24666	2659792231
24667	925140446
24668	1313231900
24669	678283901
24670	1399464444
24671	2578755953
24672	3338874020
24673	155524136
24674	3411931606
24675	4227699832
24676	1563266243
24677	298285438
24678	90449425
24679	901640802
24680	2028678232
24681	52361917
24682	712343592
24683	944529531
24684	3931956487
24685	1312925107
24686	2057722266
24687	2578696514
24688	853169762
24689	898665735
24690	2114369463
24691	286946599
24692	2043268930
24693	3697434491
24694	3257325036
24695	1120693965
24696	4099413777
24697	3561187597
24698	2047011599
24699	1601480451
24700	3371770746
24701	3476719583
24702	2217712157
24703	3356581031
24704	3517142218
24705	3789732479
24706	3844108837
24707	3783646373
24708	666845059
24709	3146938051
24710	264993555
24711	2406766431
24712	1820933401
24713	3946845168
24714	1911388371
24715	1825645016
24716	2767607718
24717	135756239
24718	4249660482
24719	3814314896
24720	1382293202
24721	3086104942
24722	3237540586
24723	2959901491
24724	1387427722
24725	2873114572
24726	2134196316
24727	790496935
24728	154032596
24729	255423626
24730	3676532861
24731	3898784641
24732	1709107762
24733	3633381067
24734	2719308495
24735	2541496458
24736	37200056
24737	4285029302
24738	863107756
24739	4109714875
24740	1083918156
24741	1838213107
24742	276156356
24743	2482564493
24744	2099349402
24745	1693436038
24746	349832892
24747	2291914292
24748	1405520199
24749	4244079297
24750	3308213035
24751	1776082402
24752	3639578859
24753	877384176
24754	3222029601
24755	2794330350
24756	766857247
24757	2217942164
24758	4124036731
24759	349832892
24760	1251647559
24761	74892029
24762	3296878717
24763	2758841351
24764	717878232
24765	3685335085
24766	2827344368
24767	436404559
24768	2920176472
24769	646537956
24770	2870604262
24771	444472127
24772	3345260352
24773	3708099107
24774	136009730
24775	3721975566
24776	61670807
24777	2847762080
24778	2114050275
24779	586608770
24780	2560329281
24781	295656658
24782	4264304193
24783	350089589
24784	2056676842
24785	543421292
24786	1277512109
24787	2514107491
24788	1432737677
24789	766695663
24790	1144692708
24791	2101684198
24792	4018928114
24793	1182849954
24794	1584757764
24795	1653902741
24796	2776820794
24797	2694173726
24798	1555486756
24799	2035274906
24800	1779039990
24801	358274236
24802	1024018966
24803	3945665711
24804	3435406527
24805	1597941265
24806	1639599321
24807	1236297612
24808	1723603879
24809	1095584197
24810	291843525
24811	19057764
24812	2854056808
24813	3634292154
24814	2794871458
24815	2603628239
24816	2481835992
24817	3091760894
24818	1357238998
24819	727227578
24820	3823163344
24821	778271389
24822	2898261472
24823	1617311660
24824	2281472981
24825	4263187945
24826	1740887113
24827	974749490
24828	2658631577
24829	2382618038
24830	336690457
24831	2773543973
24832	4062919781
24833	3980204287
24834	351963065
24835	1835166085
24836	2449863217
24837	1405221439
24838	3752853613
24839	1821770684
24840	2287944191
24841	3977889656
24842	1400995796
24843	1528789557
24844	309423550
24845	972350945
24846	3598772707
24847	1421681508
24848	1060882985
24849	4185797702
24850	2208518996
24851	3008374840
24852	2980028494
24853	1072756432
24854	3572043756
24855	374758148
24856	1917156144
24857	1273140663
24858	132379536
24859	1366381899
24860	2877697398
24861	2732767212
24862	575445823
24863	2030739714
24864	4040309984
24865	3234259863
24866	405318996
24867	1241923689
24868	3930427783
24869	2462207257
24870	759822344
24871	1148543061
24872	1645787289
24873	2653491526
24874	2408333017
24875	597007253
24876	1620934911
24877	307931721
24878	3816105010
24879	1072756432
24880	3572043756
24881	966059616
24882	285587943
24883	317653103
24884	4052206222
24885	3445306143
24886	4146539870
24887	532653795
24888	2226187556
24889	787983177
24890	4224862351
24891	970725531
24892	2714609554
24893	1701251907
24894	1126092461
24895	2047018777
24896	2684353078
24897	3971504419
24898	3243639349
24899	3172887527
24900	1768617725
24901	942549368
24902	1928054894
24903	1673101203
24904	3066338220
24905	654731502
24906	2690528850
24907	1629300520
24908	2078798587
24909	288956583
24910	4142020443
24911	532916963
24912	3189058603
24913	1132471735
24914	3224166368
24915	1758483559
24916	1089278521
24917	660031402
24918	1454018873
24919	238159178
24920	348449592
24921	3885418736
24922	2969877841
24923	3237688190
24924	1352935764
24925	3499197010
24926	765107183
24927	3847648202
24928	797408683
24929	1244150328
24930	812526514
24931	389889328
24932	153531964
24933	2989368178
24934	2583111227
24935	692989237
24936	1821118254
24937	927648602
24938	505089075
24939	3035511789
24940	2026151170
24941	2169070837
24942	3270589167
24943	257006544
24944	1844677654
24945	1152268659
24946	2866659455
24947	308761322
24948	874088632
24949	138917737
24950	1445840027
24951	2539451963
24952	3409418074
24953	4147564111
24954	2924223979
24955	1166138660
24956	1528035066
24957	150495050
24958	1404991706
24959	1673999583
24960	361275323
24961	4035601215
24962	2038406071
24963	64862376
24964	293411860
24965	1425153387
24966	3893832875
24967	4063492481
24968	4177140526
24969	2141276713
24970	1294129814
24971	512144878
24972	1085796387
24973	686537302
24974	953062019
24975	1413641409
24976	4117623499
24977	715363704
24978	1008240175
24979	591709182
24980	503875015
24981	1682949094
24982	2903861727
24983	3259561218
24984	1054463842
24985	2219761283
24986	634295525
24987	4003681127
24988	3925578323
24989	876546156
24990	1918325302
24991	2509546355
24992	94081884
24993	3367692468
24994	3409110820
24995	2556122528
24996	535638366
24997	3656162437
24998	1996043857
24999	2740283634
25000	2281911240
25001	3270450815
25002	552712529
25003	3465970765
25004	1607267920
25005	3108085741
25006	4085143027
25007	1396612905
25008	220698755
25009	3170567513
25010	3405872764
25011	1445911726
25012	2817276219
25013	926820654
25014	814066459
25015	373127836
25016	601621654
25017	669265731
25018	1989365846
25019	1201496163
25020	1181121875
25021	2792780452
25022	1838877301
25023	586657518
25024	2186886455
25025	2201702488
25026	1861217293
25027	3070641059
25028	909563228
25029	1083869704
25030	3563060657
25031	3090570360
25032	3039563021
25033	2504994792
25034	4239835721
25035	2315781959
25036	3384406776
25037	3929419913
25038	4118400996
25039	4059803062
25040	2056934918
25041	110880772
25042	2177063419
25043	3018471745
25044	959417911
25045	638388142
25046	762607654
25047	3375657455
25048	2448099398
25049	2387233145
25050	2217157701
25051	2805227592
25052	2462090649
25053	1162175274
25054	2436597433
25055	1135156536
25056	286524972
25057	2320934320
25058	3034915961
25059	350480658
25060	3835317044
25061	1114095931
25062	1094423065
25063	2300265767
25064	708109073
25065	1501202517
25066	1478825977
25067	2910744413
25068	2456979315
25069	910713153
25070	2661330603
25071	1916372048
25072	2753353396
25073	3090044734
25074	3122078706
25075	424032439
25076	849108224
25077	128892935
25078	3486601
25079	411081557
25080	955300342
25081	922495605
25082	1955201793
25083	707669058
25084	2025098154
25085	757435959
25086	4112977160
25087	888159302
25088	1142580412
25089	2990731927
25090	1049578057
25091	2476823648
25092	757436215
25093	2624777
25094	402694219
25095	1165441457
25096	76482232
25097	2852541947
25098	1077885836
25099	1015683141
25100	1446524116
25101	2365437131
25102	2689352509
25103	102858654
25104	1045684407
25105	4024105796
25106	1916648789
25107	2699548605
25108	4248910217
25109	948786685
25110	1459546332
25111	3943187355
25112	948787194
25113	1130649456
25114	490285455
25115	169741579
25116	138190142
25117	2371354675
25118	1444750335
25119	2910744413
25120	2456979315
25121	910713153
25122	2661330603
25123	747649145
25124	218410471
25125	2337711543
25126	2242843696
25127	2772244800
25128	1840375599
25129	1060932954
25130	2991273268
25131	1124067812
25132	2321238331
25133	3319483829
25134	827056041
25135	104506602
25136	428147193
25137	3737564914
25138	2783589938
25139	956288845
25140	4126661628
25141	150290659
25142	4074571692
25143	4070591554
25144	1195101273
25145	4157508941
25146	2852067909
